1000000
16 128 16
0 0 0 0 0 0 0 0 0 0 0 0 0 0 0 0 
0 0 0 0 0 0 0 0 0 0 0 0 0 0 0 0 
0 0 0 0 0 0 0 0 0 0 0 0 0 0 0 0 
0 0 0 0 0 0 0 0 0 0 0 0 0 0 0 0 
0 0 0 0 0 0 0 0 0 0 0 0 0 0 0 0 
0 0 0 0 0 0 0 0 0 0 0 0 0 0 0 0 
0 0 0 0 0 0 0 0 0 0 0 0 0 0 0 0 
0 0 0 0 0 0 0 0 0 0 0 0 0 0 0 0 
0 0 0 0 0 0 0 0 0 0 0 0 0 0 0 0 
0 0 0 0 0 0 0 0 0 0 0 0 0 0 0 0 
0 0 0 0 0 0 0 0 0 0 0 0 0 0 0 0 
0 0 0 0 0 0 0 0 0 0 0 0 0 0 0 0 
0 0 0 0 0 0 0 0 0 0 0 0 0 0 0 0 
0 0 0 0 0 0 0 0 0 0 0 0 0 0 0 0 
0 0 0 0 0 0 0 0 0 0 0 0 0 0 0 0 
0 0 0 0 0 0 0 0 0 0 0 0 0 0 0 0 

0 0 0 0 0 0 0 0 0 0 0 0 0 0 0 0 
0 0 0 0 0 0 0 0 0 0 0 0 0 0 0 0 
0 0 0 0 0 0 0 0 0 0 0 0 0 0 0 0 
0 0 0 0 0 0 0 0 0 0 0 0 0 0 0 0 
0 0 0 0 0 0 0 0 0 0 0 0 0 0 0 0 
0 0 0 0 0 0 0 0 0 0 0 0 0 0 0 0 
0 0 0 0 0 0 0 0 0 0 0 0 0 0 0 0 
0 0 0 0 0 0 0 0 0 0 0 0 0 0 0 0 
0 0 0 0 0 0 0 0 0 0 0 0 0 0 0 0 
0 0 0 0 0 0 0 0 0 0 0 0 0 0 0 0 
0 0 0 0 0 0 0 0 0 0 0 0 0 0 0 0 
0 0 0 0 0 0 0 0 0 0 0 0 0 0 0 0 
0 0 0 0 0 0 0 0 0 0 0 0 0 0 0 0 
0 0 0 0 0 0 0 0 0 0 0 0 0 0 0 0 
0 0 0 0 0 0 0 0 0 0 0 0 0 0 0 0 
0 0 0 0 0 0 0 0 0 0 0 0 0 0 0 0 

3 0 1 0 0 1 1 0 0 0 1 0 0 0 1 2 
0 0 1 0 1 0 0 0 0 0 1 3 0 0 1 0 
1 0 3 2 1 0 0 2 2 0 0 0 2 1 0 2 
1 1 2 0 0 0 1 2 0 0 1 0 3 1 0 1 
3 0 3 1 0 2 0 1 1 1 2 0 1 0 1 0 
2 0 0 1 1 1 0 0 1 2 1 0 1 0 2 1 
0 2 1 0 2 0 1 0 0 1 0 0 0 0 2 0 
1 1 4 0 1 0 1 2 0 1 0 1 1 1 1 1 
2 0 1 0 1 2 0 0 0 1 3 0 1 0 2 3 
2 0 3 0 2 1 1 0 0 1 1 1 0 0 1 0 
4 0 2 1 0 1 0 2 1 0 1 0 4 1 0 2 
0 2 3 0 1 0 1 2 2 1 0 0 0 0 2 0 
0 0 4 2 0 0 0 2 2 0 0 0 0 3 0 1 
3 0 1 0 0 2 0 1 0 0 1 1 1 0 1 1 
2 1 0 0 1 2 2 1 0 1 2 1 0 0 0 1 
3 0 0 0 1 1 0 0 0 1 1 0 2 0 0 2 

0 1 3 1 0 0 2 4 1 1 3 1 4 0 5 1 
1 2 2 2 1 1 4 5 1 3 1 1 4 2 3 2 
1 0 1 1 0 3 1 1 1 0 3 2 5 3 2 0 
1 0 2 1 2 1 0 3 1 2 3 2 3 0 2 3 
0 1 0 2 2 1 0 1 2 1 2 0 2 2 1 3 
1 0 1 3 2 1 0 1 4 3 3 1 1 3 5 2 
2 2 1 1 0 4 1 1 0 1 1 1 3 1 0 1 
2 3 2 1 0 3 2 1 1 2 3 4 4 0 2 1 
0 0 3 0 2 0 0 3 0 1 1 3 1 0 1 2 
1 1 2 1 3 1 0 2 1 2 2 2 5 5 2 0 
2 2 3 1 0 0 3 2 2 2 1 2 0 4 3 1 
1 1 1 3 1 3 1 2 2 1 3 2 4 2 0 5 
1 1 1 2 2 1 2 1 3 3 1 6 4 1 0 0 
1 2 2 0 1 2 1 1 0 2 4 4 1 1 2 3 
3 0 1 2 3 2 2 1 2 2 2 2 3 5 2 1 
1 1 2 0 2 1 2 3 1 1 0 2 4 2 3 0 

3 1 2 4 3 7 2 2 2 1 5 3 2 0 1 4 
4 0 4 1 3 1 2 4 3 1 1 1 2 2 2 3 
5 1 2 3 3 3 3 3 3 1 1 3 3 5 1 2 
1 3 4 2 6 2 2 2 2 2 2 1 5 3 4 0 
3 5 2 5 2 4 2 1 5 3 3 4 1 6 1 4 
2 0 3 3 5 4 1 1 2 2 5 2 1 0 0 3 
3 3 3 3 3 2 5 5 0 3 4 2 5 1 3 2 
1 2 2 2 3 1 3 5 2 2 3 2 4 3 1 5 
4 3 2 3 3 3 1 2 6 3 2 1 3 2 3 2 
3 1 1 3 3 6 1 1 1 4 4 2 2 4 2 2 
2 0 3 2 2 4 2 1 2 4 4 3 3 0 2 3 
3 4 3 4 2 5 6 1 1 2 4 3 1 1 2 2 
3 3 1 3 3 1 3 3 1 2 3 3 2 2 2 3 
2 3 2 6 4 1 1 3 9 1 3 1 5 4 0 2 
1 1 3 3 1 6 1 0 3 1 2 3 1 4 1 2 
2 0 3 2 4 4 2 1 3 3 5 2 2 1 4 5 

2 4 8 2 5 5 5 10 5 5 5 3 2 2 3 2 
7 5 3 1 4 6 3 4 0 2 2 3 2 3 2 2 
2 3 2 6 8 4 4 2 5 7 2 3 4 4 7 2 
3 7 4 1 3 2 3 5 1 5 5 7 5 2 3 2 
7 7 2 3 1 2 6 2 1 3 3 5 4 3 4 6 
1 1 4 4 4 1 2 4 6 8 3 2 3 2 10 2 
4 3 5 2 3 3 3 4 2 1 2 3 3 5 0 1 
3 6 3 6 4 4 8 4 8 5 3 5 4 5 5 3 
3 3 2 2 8 6 2 1 4 6 7 3 1 1 6 1 
8 3 3 5 2 5 5 3 6 3 5 6 5 7 2 5 
3 1 6 6 3 2 5 6 5 4 4 3 6 0 4 4 
4 3 3 4 3 0 0 2 6 3 1 1 4 6 2 2 
3 2 6 4 7 5 1 5 6 4 3 1 2 5 4 0 
1 8 2 2 1 3 4 1 3 1 8 5 1 1 2 4 
7 7 6 3 4 3 4 6 2 4 2 3 6 2 1 3 
7 3 3 7 6 3 5 3 4 3 3 1 3 4 2 4 

9 7 6 3 7 12 8 3 5 8 7 9 5 7 9 3 
5 5 3 4 8 3 5 3 3 8 7 4 2 1 3 5 
2 6 8 5 10 4 3 7 8 6 2 9 4 9 6 6 
5 1 7 5 5 7 2 4 4 5 8 7 6 5 2 8 
5 4 7 2 6 5 7 6 1 3 4 8 4 3 7 2 
6 6 7 4 6 7 9 8 5 4 6 6 5 11 0 6 
8 3 8 7 6 4 2 5 6 8 7 1 4 3 2 6 
2 8 5 6 10 3 4 5 6 10 1 5 5 6 6 5 
5 1 11 4 10 5 3 8 2 9 8 7 7 6 9 5 
5 3 4 4 5 7 8 4 2 5 8 12 2 2 7 5 
8 4 4 3 8 6 6 7 3 5 5 9 7 8 1 5 
5 9 7 8 8 3 7 5 5 8 5 3 6 4 3 5 
4 8 7 5 2 5 4 5 7 3 3 2 6 8 2 6 
4 2 7 10 4 3 2 5 7 7 8 4 6 9 8 5 
9 2 2 7 3 5 4 4 5 3 9 8 2 5 9 6 
7 6 2 3 3 6 1 7 2 5 5 4 9 6 3 8 

8 9 12 13 10 9 3 12 9 14 6 4 15 9 12 7 
7 5 8 12 7 8 6 11 9 11 9 6 6 9 4 7 
13 10 9 8 7 11 9 8 7 11 10 9 10 10 7 12 
11 10 8 9 13 8 5 12 6 11 9 3 7 3 10 11 
5 13 5 12 8 5 10 8 13 6 8 13 2 12 7 8 
9 9 12 8 7 16 9 13 5 6 13 10 16 5 8 5 
7 6 6 13 7 9 8 5 11 11 9 5 5 10 4 7 
12 9 7 12 12 11 11 7 10 10 8 6 9 15 8 7 
9 16 11 8 9 10 10 13 7 5 8 10 5 6 4 8 
7 9 7 11 9 6 9 13 11 12 9 13 6 11 7 14 
7 10 9 12 4 10 9 5 11 10 9 10 5 10 7 8 
7 6 3 11 9 14 7 10 12 14 12 11 7 13 8 10 
11 8 4 7 11 6 10 6 5 9 5 10 9 12 6 4 
10 12 13 10 8 13 4 12 8 10 10 9 6 6 4 11 
5 8 16 14 8 4 5 12 10 11 9 8 7 6 9 8 
7 16 13 7 7 8 15 12 2 9 9 19 10 2 6 8 

17 11 17 21 19 9 12 13 15 7 15 24 19 13 12 18 
16 10 11 14 11 5 14 10 20 10 13 11 10 12 11 18 
15 20 12 12 18 12 15 10 9 15 13 14 9 18 17 15 
9 15 16 10 11 12 19 14 13 15 12 12 17 13 14 11 
15 16 14 11 15 13 15 11 12 15 15 10 13 20 18 16 
20 11 14 19 13 13 8 12 17 11 13 15 17 11 17 23 
13 18 13 14 15 10 18 14 12 10 18 19 14 12 8 17 
13 16 10 11 14 13 14 9 11 14 15 13 13 20 17 13 
14 16 11 14 9 15 16 9 18 15 13 8 18 11 18 13 
10 18 15 15 11 6 17 14 11 12 14 16 13 15 10 17 
15 11 9 17 15 13 13 10 17 12 12 21 16 12 19 19 
12 17 12 17 9 12 12 13 11 8 17 10 15 14 4 11 
10 16 12 16 12 15 17 21 16 19 13 14 16 23 22 13 
9 15 13 13 17 15 12 15 18 16 10 12 13 13 17 8 
22 17 9 20 14 13 20 17 15 17 18 13 13 14 13 14 
15 13 15 12 15 18 9 19 17 18 15 15 17 13 17 20 

12 12 14 14 20 21 15 12 23 20 19 18 20 22 11 20 
24 16 16 12 15 19 18 17 13 10 22 21 8 17 10 20 
20 20 18 14 15 18 22 20 18 14 23 30 14 23 12 19 
14 12 22 24 24 16 18 14 19 15 18 11 13 19 9 23 
17 14 19 18 20 20 20 15 19 24 14 16 15 16 18 22 
16 21 17 15 20 21 19 17 21 20 17 15 24 21 14 25 
22 18 22 20 18 17 22 15 18 17 17 21 15 20 17 12 
18 16 21 16 21 12 15 21 18 24 17 28 16 17 20 14 
24 18 14 23 20 21 23 17 23 8 20 12 18 23 10 25 
18 17 14 12 23 19 21 11 13 26 18 12 16 14 15 13 
13 20 26 14 20 23 19 23 16 16 16 18 27 17 18 26 
18 16 20 22 14 15 20 16 22 11 16 18 14 14 21 16 
22 22 21 12 18 13 16 28 14 26 15 20 25 16 24 19 
20 22 12 17 26 14 19 12 18 12 11 15 16 16 12 15 
16 16 20 18 19 16 20 19 18 27 19 12 18 15 20 13 
15 16 22 14 9 22 22 17 11 14 17 21 18 11 14 22 

10 22 24 16 22 19 20 21 19 26 20 17 17 26 27 22 
30 28 25 26 29 25 31 29 28 30 23 21 33 27 31 26 
27 11 18 19 23 20 20 27 24 24 24 15 16 15 31 19 
17 27 31 25 28 19 25 31 24 29 16 23 26 21 24 24 
28 20 23 20 22 22 22 22 25 25 18 28 30 18 31 15 
24 23 26 24 18 22 25 20 22 20 23 23 15 27 18 22 
17 14 35 22 19 20 22 29 20 23 21 21 29 28 20 19 
23 14 30 22 27 20 20 23 27 18 26 18 13 21 24 22 
21 17 25 15 23 24 21 25 16 28 23 25 20 15 29 27 
20 21 19 19 33 22 16 18 26 18 18 26 26 21 12 18 
17 22 20 26 26 23 20 27 23 24 24 19 23 20 27 17 
16 22 29 26 21 19 27 18 22 26 26 23 28 32 18 20 
21 20 26 24 27 20 26 21 30 13 18 26 16 27 20 13 
30 19 27 21 16 30 29 25 29 22 23 26 27 26 25 27 
20 21 20 22 34 21 20 17 23 25 26 19 19 22 22 19 
20 25 25 25 26 29 19 36 23 21 29 20 23 22 30 25 

30 29 24 36 27 23 28 27 28 18 22 32 20 27 19 29 
35 27 22 37 29 30 29 25 24 26 32 31 27 24 29 25 
29 24 26 27 31 31 23 18 25 25 35 22 28 25 24 24 
20 40 23 21 29 27 31 28 26 25 33 33 19 26 29 34 
24 40 28 29 29 22 39 24 32 34 28 26 32 19 24 20 
26 31 19 32 25 22 30 27 34 24 23 26 28 32 27 24 
29 25 29 34 32 36 27 28 30 25 33 32 22 23 22 24 
18 21 30 30 31 20 28 22 32 30 25 20 21 27 23 21 
29 24 23 22 30 25 25 32 23 32 28 28 21 28 38 27 
27 35 26 23 21 25 35 19 35 17 28 27 23 23 22 28 
25 25 27 29 30 23 26 24 30 29 25 29 28 30 30 28 
27 31 26 32 27 29 32 23 30 21 34 29 25 27 20 29 
28 17 27 29 30 31 26 16 39 20 34 24 20 31 26 27 
34 27 26 27 24 32 25 31 35 21 30 23 23 35 28 32 
28 38 27 22 22 21 50 24 25 24 28 26 26 13 28 36 
28 29 22 28 33 24 34 20 29 31 29 33 21 30 21 28 

40 38 38 37 45 38 36 37 32 42 39 46 21 35 41 37 
35 33 18 35 41 40 32 16 37 35 38 33 32 34 37 45 
32 36 44 49 31 36 27 35 40 34 36 42 34 38 21 31 
35 39 32 42 28 30 48 30 39 32 38 42 41 32 32 46 
42 41 27 24 27 42 37 39 29 27 33 37 31 28 24 36 
39 50 43 29 42 33 36 39 33 38 31 35 27 38 36 32 
37 31 19 47 30 43 27 17 40 34 33 33 32 40 45 42 
32 31 36 48 36 34 19 27 37 42 27 24 29 44 36 37 
30 43 39 44 29 28 38 40 42 36 43 34 34 38 36 48 
44 36 29 32 30 43 37 42 28 28 35 46 40 37 31 34 
40 40 45 33 39 43 38 37 36 47 36 36 36 41 35 37 
29 44 24 38 27 40 36 28 37 26 42 35 50 36 38 39 
43 39 38 37 41 41 22 42 30 43 36 36 42 38 44 41 
28 37 24 45 28 30 33 31 41 35 38 28 34 25 42 34 
38 38 35 36 26 43 40 44 22 28 31 39 40 39 34 27 
42 36 33 41 25 44 31 36 36 36 38 36 33 40 30 46 

47 33 33 41 38 37 41 32 42 44 52 31 33 46 50 32 
33 46 36 48 36 37 42 45 50 41 39 37 42 51 41 34 
36 39 52 45 44 46 36 50 51 31 40 44 48 26 45 36 
42 50 36 29 29 56 47 34 36 45 56 45 50 34 44 49 
35 50 48 45 46 44 52 36 46 48 47 41 42 38 43 44 
51 31 38 44 47 36 35 45 44 42 48 43 41 58 54 29 
40 39 39 44 55 37 40 43 45 61 39 41 42 45 56 44 
45 40 45 41 49 47 39 40 46 39 34 50 42 30 48 37 
45 38 35 48 37 43 40 45 49 37 39 53 47 53 50 42 
49 44 59 44 39 46 44 42 35 40 55 40 44 37 42 40 
44 40 30 45 46 39 41 33 32 44 40 36 38 43 55 40 
41 40 60 47 43 41 46 48 53 45 35 43 42 53 45 46 
33 53 51 41 30 38 43 40 44 25 39 38 42 38 41 46 
48 37 38 43 46 45 38 49 46 46 42 52 41 35 49 42 
40 37 45 44 47 47 38 37 43 39 52 43 35 42 40 39 
44 40 30 41 42 39 45 44 35 45 36 46 37 39 46 37 

33 30 51 42 35 55 46 58 57 33 57 50 48 48 51 48 
50 39 51 37 55 47 45 38 36 67 41 46 46 44 52 41 
44 42 44 46 55 48 39 50 56 52 57 33 52 54 55 47 
51 45 47 54 49 43 42 44 44 49 43 49 38 47 41 43 
40 35 47 43 51 42 47 51 39 47 46 55 53 36 46 31 
45 46 49 40 38 56 51 50 41 48 44 42 41 34 55 52 
45 53 44 39 44 36 49 38 50 53 34 42 41 53 49 41 
50 49 38 47 54 47 47 51 65 43 43 40 41 60 51 41 
53 53 54 45 49 51 47 43 36 35 48 45 36 29 42 45 
42 44 49 50 56 53 51 50 48 53 62 42 47 46 49 49 
52 44 47 33 36 54 44 45 45 35 32 35 40 51 46 43 
48 59 51 49 56 43 51 50 52 48 40 57 50 46 48 45 
49 48 33 41 46 43 57 48 45 33 38 50 44 50 36 41 
52 40 59 52 55 60 41 44 42 38 52 39 44 47 46 44 
40 42 43 45 59 53 50 45 52 57 57 48 38 53 46 46 
48 53 48 36 40 44 48 49 39 38 34 31 49 41 44 45 

49 60 46 72 52 59 50 60 66 56 66 41 52 52 57 58 
52 48 51 57 55 52 48 50 40 44 48 48 48 48 43 42 
58 46 44 49 42 64 53 49 57 37 60 51 51 51 49 53 
48 57 54 45 47 45 49 54 45 56 45 47 44 37 60 55 
57 39 54 44 47 51 41 48 51 52 71 39 50 42 55 59 
43 54 41 58 55 43 58 44 56 57 50 58 50 41 64 52 
56 42 45 56 51 56 41 64 53 58 58 39 57 53 46 51 
51 50 43 43 54 60 55 44 50 45 70 57 51 50 54 54 
52 54 41 49 46 57 53 61 47 60 45 58 53 49 53 59 
62 38 61 51 51 47 43 54 55 46 53 42 57 50 42 48 
45 50 49 50 47 56 55 55 44 52 55 48 56 54 56 54 
46 47 38 44 54 44 58 53 50 61 48 59 41 48 54 36 
51 45 59 48 42 55 47 55 57 46 64 54 53 45 52 52 
51 51 31 51 51 65 43 49 52 61 53 49 45 45 50 58 
71 42 53 66 62 65 45 46 59 51 68 51 54 56 56 52 
41 53 43 58 38 52 51 55 46 48 50 53 55 49 45 49 

65 49 61 71 72 68 68 67 62 65 56 61 60 72 69 41 
58 54 62 67 45 51 53 49 60 51 48 42 46 52 52 52 
50 69 64 62 70 59 64 64 55 64 53 65 62 59 62 51 
54 61 64 57 61 56 60 60 58 69 44 54 58 50 55 49 
53 72 67 59 57 65 73 55 64 52 69 82 51 63 78 66 
65 60 56 62 63 70 61 71 64 49 67 58 59 70 49 51 
63 52 58 70 54 58 49 56 64 67 54 51 64 63 72 53 
59 74 61 61 70 72 57 57 56 58 71 59 56 62 60 58 
57 69 67 61 67 61 57 65 48 76 61 54 65 51 55 59 
61 67 59 70 56 54 69 59 62 47 55 83 64 56 64 49 
56 50 54 73 59 61 56 62 69 47 66 57 58 64 54 66 
64 70 53 66 66 61 63 56 53 64 65 52 74 59 67 65 
54 68 54 60 58 58 52 56 58 46 63 54 67 61 56 53 
46 65 66 64 71 60 62 62 51 74 71 48 60 55 63 64 
45 70 68 71 53 56 61 60 62 59 51 67 65 50 60 59 
62 48 46 61 66 64 56 57 71 46 61 61 63 75 61 55 

60 59 60 74 73 63 66 65 63 63 69 75 67 67 52 62 
70 66 70 57 64 63 65 65 54 67 61 67 70 68 69 54 
78 59 65 61 69 66 60 70 57 77 60 56 71 72 73 72 
61 51 59 59 66 61 56 66 57 59 53 69 62 52 72 49 
63 70 80 59 57 64 53 71 66 61 63 66 67 68 69 67 
72 57 59 58 59 55 57 57 55 49 64 73 65 66 49 66 
72 65 59 61 56 67 65 57 54 60 61 63 71 66 67 62 
58 63 67 58 68 57 58 59 50 79 60 48 54 62 84 75 
75 60 73 67 66 61 82 75 60 62 60 77 68 55 79 58 
57 66 66 66 69 57 63 65 68 63 49 75 75 64 59 55 
78 66 68 67 67 59 62 61 69 75 63 57 62 68 63 71 
65 69 75 49 65 54 65 62 59 67 71 70 62 63 68 72 
47 66 66 57 64 52 70 72 63 61 47 70 57 68 55 55 
73 63 58 57 53 59 67 58 62 59 64 57 62 56 70 64 
63 74 68 59 73 67 61 59 65 76 74 73 53 63 82 64 
64 53 63 69 49 55 56 63 74 64 53 64 64 63 63 70 

69 82 78 60 62 74 85 79 70 76 81 88 81 70 70 65 
69 85 58 57 69 65 78 82 63 68 66 60 90 67 81 63 
76 73 66 76 81 64 82 59 71 80 64 78 60 71 91 70 
53 67 63 72 73 62 71 70 65 67 67 61 64 60 78 68 
75 68 69 64 91 57 60 60 67 79 57 71 71 64 88 61 
58 62 76 57 76 62 76 70 64 83 55 76 70 59 78 70 
83 61 76 59 70 71 63 87 57 61 71 71 78 65 75 79 
80 84 67 63 75 83 69 57 69 74 72 59 65 67 75 75 
70 72 77 65 67 79 68 76 66 67 75 76 65 77 81 72 
71 77 71 82 75 53 69 74 82 61 63 75 59 64 73 54 
74 75 69 70 60 84 74 73 72 70 84 85 73 66 84 73 
64 65 61 67 84 70 72 66 60 75 70 68 64 64 72 75 
64 74 72 88 62 67 61 77 74 69 66 57 84 66 76 65 
73 76 78 59 61 74 67 76 60 59 83 78 70 65 59 66 
73 84 67 75 70 59 56 76 73 72 65 62 78 68 77 54 
63 74 58 68 83 60 67 67 74 78 62 73 71 76 88 53 

88 70 73 82 83 70 65 68 92 67 70 63 76 74 64 65 
77 66 60 51 55 78 64 73 54 62 68 78 64 66 67 70 
78 82 74 65 66 87 84 75 69 71 89 80 75 72 80 69 
66 59 58 72 59 60 56 68 74 77 62 62 61 66 79 58 
62 62 75 86 81 77 57 79 85 77 75 79 72 71 79 68 
75 73 79 72 74 66 66 72 73 68 72 74 82 72 62 63 
78 82 54 65 75 76 83 61 55 73 69 86 59 71 81 76 
76 76 73 77 69 75 72 63 72 66 84 76 68 65 61 70 
71 70 75 88 53 66 65 70 81 55 71 78 66 84 69 64 
76 81 64 58 78 78 69 66 54 69 76 74 63 61 68 71 
77 84 80 90 73 76 69 65 88 66 75 76 76 85 68 69 
84 71 62 71 87 50 77 70 66 70 59 72 59 78 80 59 
63 81 79 86 95 77 79 63 81 77 78 83 69 56 87 72 
56 78 73 81 65 65 70 61 73 59 67 74 75 63 75 59 
66 76 86 76 79 80 75 75 77 71 78 67 76 81 80 74 
79 78 65 56 75 76 59 56 59 53 83 57 69 62 61 79 

87 76 96 73 93 80 80 81 76 66 68 66 73 73 64 62 
56 69 70 62 78 70 80 69 55 69 82 70 73 69 74 75 
89 72 85 58 78 85 83 77 63 64 74 80 68 67 62 69 
69 55 73 73 73 76 63 75 76 66 64 64 70 80 80 65 
65 77 79 77 79 67 76 82 79 70 73 69 68 79 74 75 
71 75 64 82 76 68 77 71 72 69 64 64 76 69 70 69 
67 71 73 72 76 75 90 63 70 67 64 76 67 67 71 64 
89 59 67 63 67 88 66 61 76 72 85 73 67 76 72 90 
61 76 75 76 76 74 72 71 68 72 59 74 66 69 88 55 
65 97 65 66 84 72 87 75 75 66 88 94 74 84 70 80 
78 74 64 68 76 71 69 81 70 72 61 62 75 70 78 67 
66 67 78 78 70 71 79 77 82 74 78 61 84 79 77 80 
87 63 67 70 52 75 68 62 76 75 75 71 62 71 72 79 
66 81 78 71 59 75 73 77 76 65 73 63 74 80 81 66 
67 76 62 74 80 71 67 75 77 79 77 73 77 86 70 69 
78 69 72 77 70 57 59 74 70 64 62 64 71 71 82 66 

80 74 74 80 66 72 71 65 89 80 98 72 87 86 73 92 
74 67 49 89 78 76 73 78 101 78 76 71 71 76 80 77 
91 75 66 70 81 85 90 89 76 68 90 81 81 65 94 98 
71 62 62 74 65 82 70 77 73 67 86 67 85 81 61 93 
61 79 85 73 65 72 88 80 72 80 81 67 78 76 72 71 
78 81 74 70 71 68 76 63 78 79 69 75 76 77 80 66 
64 70 63 85 81 74 58 66 88 62 61 74 63 72 67 66 
91 69 78 72 77 81 78 90 80 66 80 87 75 69 74 80 
72 84 63 66 80 75 74 75 56 76 67 73 79 85 75 76 
72 83 80 70 73 77 79 82 57 90 88 56 76 73 74 71 
74 83 72 63 75 65 79 68 71 73 72 71 74 63 78 86 
86 66 76 82 77 87 66 64 98 64 66 88 70 78 74 79 
88 79 56 66 85 80 85 64 69 81 69 74 74 65 85 75 
67 84 63 62 85 75 81 82 59 85 87 70 69 85 79 86 
67 85 79 95 70 86 89 85 72 69 85 76 88 77 75 70 
71 75 69 73 77 72 62 72 85 67 73 70 79 88 67 85 

86 74 74 80 93 98 74 91 75 81 86 73 79 71 84 70 
78 88 81 70 93 65 86 75 53 72 82 87 68 71 85 90 
90 80 75 79 67 83 84 89 96 74 78 89 83 81 81 87 
83 59 87 67 82 89 70 71 84 89 75 66 84 96 84 75 
65 72 62 89 99 72 71 70 82 80 77 76 83 86 82 78 
71 77 76 78 98 71 83 95 80 73 81 95 79 84 68 81 
84 100 84 63 83 86 87 73 55 74 93 89 74 73 93 86 
81 79 73 78 65 81 86 82 82 83 93 85 68 75 79 83 
92 65 87 84 73 79 77 79 87 82 82 71 77 87 82 86 
88 85 60 70 98 80 84 77 74 89 81 79 72 72 75 69 
79 75 80 73 98 85 71 93 73 75 72 84 76 86 71 72 
74 82 83 80 88 70 96 74 73 74 86 95 77 66 79 81 
86 92 79 76 65 80 99 82 78 72 75 90 66 77 78 72 
73 79 82 80 79 78 67 67 87 74 69 59 68 82 76 73 
85 87 81 83 85 98 71 88 80 74 100 77 69 72 72 79 
84 83 77 87 88 75 68 86 74 79 62 72 75 77 63 75 

75 86 72 85 80 72 77 77 93 66 86 89 83 92 72 80 
77 94 83 96 82 86 67 100 65 79 77 95 69 69 88 81 
83 82 76 85 65 71 83 75 84 77 88 83 77 83 88 81 
81 92 76 74 69 84 83 79 73 86 66 78 65 72 98 74 
82 76 86 75 73 94 70 83 74 88 71 77 84 79 82 90 
79 98 73 84 79 67 90 76 88 72 68 85 81 83 89 76 
90 88 68 96 91 82 85 91 71 80 71 94 74 81 83 82 
83 88 65 95 89 78 77 70 81 86 87 77 73 87 86 81 
96 80 82 77 69 94 85 87 86 77 85 76 77 77 82 86 
81 88 68 71 75 86 80 87 74 82 78 86 65 75 80 93 
80 71 86 82 76 84 63 87 89 72 86 80 88 87 65 91 
97 83 68 94 75 79 81 78 75 87 78 91 72 78 72 75 
69 97 82 92 85 65 89 75 80 93 79 81 69 102 90 81 
73 76 83 78 61 80 79 91 83 70 71 85 80 76 80 77 
95 91 69 82 82 92 76 82 90 81 92 70 73 89 89 118 
83 73 73 87 76 85 81 79 93 89 78 76 72 93 68 74 

81 80 79 85 96 82 88 81 90 101 87 86 81 87 81 75 
95 80 89 82 78 82 70 74 81 90 72 80 82 73 94 76 
82 84 65 80 82 68 80 69 91 81 65 90 70 93 71 73 
90 80 85 65 103 88 82 80 59 87 80 75 90 72 82 74 
98 75 88 85 79 69 106 65 90 77 87 100 69 96 76 102 
96 86 78 85 83 73 95 76 97 96 96 87 63 92 85 96 
107 86 86 85 88 86 76 69 87 90 77 74 81 78 76 80 
78 75 83 78 88 81 74 92 97 89 80 84 85 104 74 82 
87 82 93 82 66 75 88 85 64 73 77 75 80 71 72 73 
87 85 97 79 64 76 110 81 81 69 75 117 76 73 88 82 
87 75 69 65 85 67 81 73 88 100 82 78 82 73 98 77 
89 68 85 80 95 76 79 87 86 90 77 66 77 85 81 72 
84 81 69 52 73 65 77 77 83 95 77 89 74 82 84 73 
76 68 76 83 74 90 80 68 78 81 81 77 78 69 70 80 
71 67 96 76 62 63 86 82 79 81 74 102 67 80 91 90 
88 77 68 68 81 67 80 78 85 86 64 85 86 85 75 67 

68 86 72 90 89 71 87 77 89 81 71 89 91 71 84 75 
88 77 83 71 64 76 90 77 85 66 70 81 88 83 68 80 
76 89 65 82 83 70 93 66 82 74 87 95 79 83 85 82 
85 76 75 63 85 76 80 69 78 91 88 83 63 84 93 79 
77 85 89 78 79 75 83 73 83 86 78 78 75 84 89 71 
91 75 71 64 87 82 88 75 78 83 85 95 90 77 90 87 
74 77 83 74 82 83 88 83 72 69 80 80 92 74 85 90 
88 90 70 88 71 79 92 70 95 71 87 96 76 96 77 87 
88 81 72 80 82 79 84 73 95 82 85 82 87 97 72 70 
89 93 87 76 88 68 85 76 88 99 82 69 59 88 92 81 
86 79 72 65 77 80 90 84 86 77 82 85 89 76 94 92 
89 96 89 78 89 71 101 85 77 64 72 87 93 78 71 85 
76 64 73 73 77 84 81 76 85 81 84 92 73 85 91 79 
89 71 82 80 92 85 79 68 72 78 97 77 77 79 87 90 
76 79 79 84 100 85 78 68 82 104 90 81 75 60 83 88 
76 80 79 71 79 68 76 85 80 70 85 63 88 79 83 86 

77 100 97 76 86 73 84 94 94 85 77 88 82 80 87 79 
85 81 79 71 68 81 80 73 70 74 75 79 73 76 79 69 
80 73 81 90 91 75 83 72 81 80 97 83 85 92 90 87 
85 61 84 70 99 74 70 89 78 83 73 72 75 74 81 83 
89 68 77 73 88 94 87 71 90 96 78 78 86 79 84 82 
69 86 97 75 72 74 95 88 84 90 82 87 79 81 77 90 
93 85 70 79 83 101 75 71 76 85 99 97 79 71 83 81 
77 70 87 100 87 66 77 80 104 84 78 80 77 107 92 96 
79 92 85 101 80 72 86 95 93 74 74 87 95 90 88 77 
94 78 78 71 95 90 90 76 84 99 76 86 72 85 80 82 
81 72 94 75 78 86 87 89 88 98 84 77 86 96 93 89 
79 98 80 86 76 80 94 82 82 67 84 108 78 88 70 78 
96 78 85 90 89 79 79 85 85 76 92 96 86 94 88 107 
97 79 81 86 77 75 84 82 79 84 66 81 75 86 81 72 
99 87 76 89 84 85 90 89 102 104 90 78 84 106 90 88 
85 70 81 71 82 81 81 84 89 88 79 74 70 79 64 79 

77 80 77 78 73 80 91 87 97 81 92 91 74 87 105 96 
73 67 85 85 71 74 74 92 80 69 77 75 96 89 88 82 
81 63 72 66 73 80 75 85 87 92 81 77 81 101 101 80 
88 79 61 80 79 85 85 77 83 85 98 84 99 81 93 82 
75 80 68 77 82 82 90 84 76 71 86 80 114 89 82 88 
81 79 81 83 79 78 74 84 98 82 95 82 87 98 89 96 
86 80 83 80 83 79 82 83 73 79 87 74 85 83 79 85 
89 80 85 79 70 78 79 80 82 74 77 83 69 89 80 91 
92 86 68 90 86 82 84 71 82 81 91 91 89 91 94 91 
74 81 82 79 80 86 87 82 81 87 79 67 89 84 94 76 
89 96 83 77 81 79 82 93 94 93 88 82 77 71 90 83 
93 84 82 73 81 82 94 89 75 88 75 97 91 63 87 71 
92 81 88 87 93 79 91 85 73 94 75 93 75 68 81 77 
86 81 83 87 77 61 79 85 95 86 76 86 82 110 84 76 
78 84 79 99 83 89 94 74 86 87 82 73 84 99 79 73 
91 79 76 73 94 86 73 88 70 100 99 71 82 60 88 87 

67 86 106 95 87 75 89 91 98 76 89 84 64 105 82 91 
83 80 68 79 74 73 84 77 89 75 83 85 91 96 82 71 
97 67 80 82 93 88 91 79 83 80 93 93 77 96 80 101 
85 86 77 74 82 85 76 78 84 73 91 97 82 78 80 82 
89 77 80 84 76 95 89 76 105 96 77 76 80 102 84 92 
75 86 96 97 75 87 90 99 80 81 99 78 78 91 94 95 
81 83 66 82 78 78 93 84 80 78 83 88 60 75 96 75 
104 87 75 86 89 95 101 78 96 79 72 96 93 88 82 101 
77 77 83 74 75 70 70 100 90 78 72 75 98 81 73 70 
69 93 69 83 84 80 100 72 89 81 89 84 77 92 78 78 
87 80 88 84 77 92 92 88 82 83 97 98 73 75 97 86 
82 70 63 78 84 78 76 85 103 77 89 67 69 98 90 78 
84 84 94 74 90 77 94 79 85 95 71 89 92 90 85 89 
79 69 83 75 69 85 81 81 94 76 80 93 83 79 76 90 
73 90 85 91 89 85 88 85 98 89 85 82 82 98 79 75 
91 92 76 74 93 84 100 66 83 94 76 109 72 88 93 74 

104 85 87 85 88 110 100 96 88 95 97 86 79 77 81 86 
81 84 68 66 95 76 78 106 71 85 79 79 80 99 89 92 
88 92 82 71 94 75 85 86 74 84 73 98 87 79 89 69 
84 78 74 81 86 92 92 80 80 98 77 107 73 88 94 79 
77 94 81 87 75 81 97 72 78 78 88 83 85 91 86 93 
91 102 98 81 76 72 89 107 91 87 62 79 91 100 86 84 
98 71 82 80 93 76 82 90 92 81 91 75 79 101 82 95 
95 80 91 75 77 86 90 87 74 80 86 96 83 80 81 98 
85 83 81 65 86 77 96 87 73 82 76 86 80 77 75 76 
97 83 85 80 82 92 90 79 93 88 91 101 66 105 76 81 
104 83 74 63 60 81 87 85 83 80 80 74 88 73 94 91 
100 73 73 87 88 65 92 87 99 84 80 99 71 97 87 81 
75 69 80 63 75 89 81 86 73 71 89 77 90 75 76 93 
75 90 75 68 77 84 101 76 85 79 84 94 80 73 85 81 
80 73 85 71 77 82 88 86 93 88 62 77 66 103 82 73 
85 104 77 74 80 62 93 71 89 99 86 76 86 85 80 71 

83 82 100 92 65 75 95 86 88 75 72 75 94 83 89 73 
85 51 75 75 72 91 63 72 71 81 88 65 70 77 88 71 
91 73 79 82 91 87 75 75 97 96 87 87 73 91 87 82 
78 71 72 78 78 75 77 74 94 67 80 82 70 74 67 89 
110 81 75 84 81 79 90 84 72 88 80 107 83 79 81 77 
92 92 73 78 87 86 98 67 75 89 80 92 72 72 88 79 
76 75 91 87 78 83 84 76 85 75 77 81 71 76 85 74 
83 91 87 85 83 80 78 79 106 93 82 91 91 96 84 59 
86 80 79 64 76 77 73 75 80 78 94 79 68 59 84 89 
83 81 82 80 88 67 88 92 76 93 83 82 86 75 90 86 
79 86 77 84 92 69 77 71 88 83 74 74 82 84 85 79 
83 105 87 78 86 87 105 69 83 83 82 79 69 64 89 80 
97 85 80 61 91 90 93 79 76 96 98 89 84 80 84 86 
85 79 88 86 89 76 71 72 90 81 84 84 79 75 79 74 
79 86 91 83 98 69 92 97 96 106 84 96 78 91 95 93 
85 93 77 88 84 69 90 79 84 83 72 91 74 79 86 60 

77 63 93 80 102 81 76 81 95 99 75 72 99 84 92 99 
79 82 80 82 81 75 80 95 81 82 83 76 80 89 82 83 
89 68 87 77 86 81 86 95 60 75 91 85 93 94 94 82 
76 85 76 59 79 87 92 79 75 91 75 85 82 84 95 82 
92 97 83 72 86 96 83 86 92 95 81 102 83 85 88 98 
89 69 84 62 85 66 85 89 73 84 64 88 83 73 79 78 
87 93 89 85 82 73 89 98 77 79 79 102 80 95 79 84 
80 72 76 78 82 83 89 91 76 80 76 91 77 104 96 82 
82 90 77 73 79 92 84 74 77 100 81 88 64 86 102 84 
82 71 74 81 95 91 70 90 84 97 79 77 93 80 94 86 
76 84 81 89 79 60 83 94 92 82 68 86 85 92 77 69 
90 91 80 74 83 95 93 85 70 75 78 94 82 86 86 77 
81 79 65 82 92 78 74 77 99 95 88 81 74 92 96 95 
68 68 93 79 87 84 75 87 79 92 80 86 79 82 95 77 
82 79 93 73 88 99 95 99 91 91 97 92 104 87 83 99 
78 84 90 76 85 67 78 94 78 84 71 81 87 81 92 73 

98 87 84 90 74 81 75 89 87 96 72 83 87 71 99 93 
83 105 90 72 81 90 87 82 77 89 87 84 80 78 106 78 
93 94 77 78 86 80 85 97 82 77 78 91 73 90 106 84 
91 83 78 95 79 70 91 79 89 78 83 97 94 94 81 76 
103 89 110 90 86 85 107 80 72 95 74 93 74 82 103 83 
94 91 92 83 84 93 84 93 96 82 92 79 85 85 88 110 
93 89 93 86 106 79 86 78 89 94 79 86 78 75 96 81 
89 81 102 84 114 90 83 94 78 93 88 76 82 93 105 79 
112 86 89 85 91 89 90 79 85 82 87 102 90 97 83 81 
81 95 107 86 99 79 110 90 76 86 66 91 82 69 94 98 
84 72 106 81 104 89 82 100 77 98 79 97 86 84 82 92 
103 86 75 90 92 90 85 69 96 71 93 81 84 83 89 91 
90 93 89 69 92 82 91 98 70 80 76 87 75 93 88 84 
76 89 104 86 82 73 89 83 85 77 67 85 94 86 95 69 
83 80 89 83 87 90 99 84 79 93 71 84 74 75 98 90 
93 76 85 86 88 100 76 85 64 89 85 91 80 74 82 82 

92 79 75 88 80 94 88 96 83 83 100 90 83 101 84 77 
85 82 75 79 69 103 80 79 92 90 79 78 72 84 87 79 
75 81 70 75 80 86 87 81 78 77 75 106 100 70 85 74 
84 74 88 104 91 89 80 83 100 87 82 82 80 80 94 75 
90 91 68 88 83 85 91 85 88 93 74 79 69 91 100 81 
90 94 95 77 76 91 102 91 82 76 87 94 74 85 73 77 
87 84 95 92 76 109 88 100 100 90 84 83 81 83 94 85 
90 82 72 89 96 76 87 85 90 84 79 92 85 83 88 85 
88 96 87 107 89 78 87 111 96 79 89 101 100 76 89 91 
89 87 88 77 90 91 78 89 83 94 77 78 79 74 84 88 
92 97 86 74 79 108 85 72 76 92 93 75 77 77 74 96 
77 63 89 90 75 84 86 90 90 82 73 86 76 92 81 74 
81 79 77 96 97 69 84 83 89 79 73 80 91 98 79 81 
110 87 82 82 88 86 91 90 88 96 93 98 77 77 103 80 
99 93 89 85 93 92 92 74 80 96 93 86 67 81 92 86 
98 63 87 80 85 98 77 83 91 90 68 85 97 76 86 82 

82 87 80 81 89 89 96 91 93 84 96 89 84 81 102 88 
94 70 63 83 76 79 69 63 85 66 93 73 73 86 87 89 
72 85 87 75 102 86 92 85 82 94 78 84 83 73 96 77 
73 66 93 90 78 81 69 85 79 69 81 91 94 79 83 83 
93 71 79 73 81 72 85 73 89 73 83 81 86 83 78 78 
101 83 80 79 81 88 85 97 78 90 81 81 85 65 90 70 
93 58 75 58 71 76 76 82 75 74 84 78 92 73 95 88 
87 90 91 78 67 92 88 82 82 88 78 84 81 78 99 72 
80 76 94 82 72 89 74 78 75 83 93 103 100 84 88 102 
87 75 75 81 87 76 84 82 87 89 69 85 88 84 86 71 
86 85 86 90 87 62 79 96 97 91 70 80 83 97 90 74 
98 82 70 82 72 90 95 75 86 66 94 84 78 88 90 94 
94 83 75 68 73 107 97 82 78 82 85 91 76 72 90 99 
85 81 78 96 85 85 68 79 85 90 78 81 92 91 110 90 
75 86 70 92 96 75 83 83 92 92 82 80 81 98 95 84 
78 96 86 97 79 77 93 87 83 77 72 91 84 93 73 79 

103 75 93 84 97 102 95 83 82 91 88 89 82 88 87 90 
81 73 73 70 69 81 78 80 85 74 77 78 75 81 79 76 
90 77 93 97 88 88 77 88 85 80 81 89 81 98 86 90 
92 81 74 78 71 76 82 83 85 70 85 86 73 82 67 93 
91 89 87 81 98 84 94 73 76 98 78 78 72 79 83 86 
75 88 81 96 98 89 94 82 87 95 72 63 74 96 87 92 
85 81 88 85 75 78 91 97 109 75 76 94 79 80 73 85 
95 75 82 73 89 102 85 85 73 78 84 89 77 86 77 92 
96 78 73 71 81 97 86 79 87 94 97 84 75 103 92 91 
75 68 78 87 75 71 72 73 75 87 72 60 74 65 85 75 
78 75 91 80 80 79 77 100 87 85 84 81 90 93 83 120 
86 75 74 74 70 85 87 89 87 68 78 79 81 75 67 83 
93 72 66 82 76 97 76 73 82 71 84 89 79 92 95 79 
82 80 83 78 86 88 83 71 75 94 91 89 83 95 88 74 
74 72 77 103 80 84 70 78 97 83 84 63 91 77 82 78 
77 85 72 74 84 78 79 88 93 75 81 79 75 89 73 104 

85 93 93 83 98 93 77 75 81 87 100 69 96 99 82 98 
74 84 90 76 79 68 88 91 62 68 79 94 84 70 82 62 
88 79 78 84 85 77 90 88 76 79 98 97 90 88 88 86 
96 74 81 76 79 92 64 61 96 86 79 81 67 84 94 94 
97 90 72 84 73 88 87 68 95 97 79 78 84 94 81 98 
76 80 87 72 87 71 86 89 64 79 75 85 91 90 76 82 
94 100 84 86 86 89 99 87 82 62 79 104 74 92 88 69 
97 69 73 82 102 85 83 84 80 101 87 81 80 77 107 93 
89 87 105 84 82 84 82 87 90 92 78 88 91 82 86 101 
78 90 86 91 88 80 98 88 94 100 84 86 81 92 73 96 
78 95 89 78 105 77 114 86 75 101 76 88 75 91 88 97 
97 103 100 85 87 88 95 104 89 81 74 105 78 100 86 76 
112 69 81 91 97 89 79 91 91 81 88 98 95 95 99 79 
98 95 86 79 83 83 92 84 80 109 66 94 84 79 90 88 
71 73 75 84 72 88 88 69 79 94 91 76 76 85 83 82 
83 99 101 79 92 82 96 89 75 98 73 74 75 83 97 74 

88 86 99 89 90 100 101 93 94 93 103 91 83 85 95 88 
97 86 88 93 89 76 76 90 89 93 76 76 69 102 98 74 
93 89 65 89 101 96 107 84 93 94 95 96 85 94 106 81 
82 85 94 88 82 90 93 82 85 81 74 85 82 81 99 80 
111 77 93 78 81 113 82 105 96 78 87 85 111 90 77 105 
77 77 81 84 92 90 95 73 85 79 93 73 86 75 90 85 
110 85 77 93 87 90 95 104 92 97 91 81 87 92 101 98 
102 84 71 72 97 93 98 85 85 72 88 87 85 91 87 86 
79 78 89 85 84 78 96 84 96 93 74 97 78 88 100 82 
93 67 86 83 75 95 74 86 79 81 69 91 102 71 95 93 
112 77 77 76 86 96 77 71 84 84 100 81 75 80 99 80 
113 76 68 73 62 84 88 76 68 88 76 79 77 77 104 75 
86 82 85 78 98 67 92 90 81 81 85 85 99 93 75 87 
84 85 78 85 71 85 78 83 88 87 75 83 82 79 111 74 
85 60 81 63 89 97 89 82 71 82 88 91 88 75 92 105 
70 72 77 86 93 72 78 79 79 101 74 81 75 82 78 74 

98 82 70 86 89 78 82 86 98 99 89 82 99 91 91 78 
79 69 88 69 81 90 75 75 74 81 91 87 82 76 89 77 
77 97 85 79 83 90 99 86 70 72 96 110 104 77 83 70 
91 69 87 79 84 92 84 72 81 88 94 71 74 87 88 91 
106 76 95 84 101 103 76 87 96 90 98 77 83 84 96 80 
94 74 78 77 93 63 90 101 84 82 86 86 90 78 85 77 
86 75 105 76 69 76 90 91 71 91 77 94 82 78 88 78 
84 91 82 78 82 90 89 77 72 75 94 100 98 75 78 92 
102 72 78 69 80 93 85 73 81 70 73 89 73 79 75 70 
81 75 81 90 114 93 86 74 108 97 96 80 65 102 98 89 
85 70 69 81 104 69 91 78 82 80 78 74 81 85 95 74 
83 102 98 92 83 80 99 92 91 78 88 92 89 86 93 88 
78 86 79 84 92 68 98 81 76 77 86 92 92 75 84 88 
87 88 74 92 76 87 77 77 93 77 80 80 74 82 82 83 
79 94 86 77 107 91 79 79 91 97 86 77 73 92 92 78 
83 69 75 101 76 85 89 83 80 76 86 92 90 84 86 81 

76 81 73 77 82 86 105 77 84 92 74 90 90 74 88 89 
87 79 81 87 69 89 80 80 69 71 91 85 86 81 73 91 
81 75 72 80 92 77 72 73 67 71 90 81 76 65 70 88 
78 74 87 89 82 70 52 92 97 74 75 69 77 94 89 71 
85 89 75 87 79 76 80 69 76 82 79 80 68 100 80 74 
86 79 75 75 86 82 94 68 66 87 71 92 72 78 82 91 
79 92 75 89 101 84 92 76 75 89 78 87 73 85 75 83 
91 72 73 84 85 79 96 70 88 72 86 111 76 87 78 77 
90 96 92 113 74 73 86 84 95 72 71 97 84 86 73 81 
89 86 86 79 72 84 72 78 83 74 89 77 95 85 88 81 
93 94 78 79 79 95 82 73 71 91 79 72 85 78 93 77 
87 83 76 69 91 91 75 82 76 89 80 81 78 82 93 74 
86 70 80 87 89 84 86 86 85 74 88 102 74 82 80 78 
84 73 98 94 79 81 83 87 80 85 87 101 84 81 73 79 
88 99 80 94 67 87 91 75 91 73 76 97 76 110 83 81 
96 97 86 71 77 83 78 85 79 88 73 76 81 88 96 73 

77 82 91 86 78 72 83 75 82 85 86 83 77 81 107 76 
89 75 87 84 90 80 82 89 80 71 79 72 72 64 77 81 
102 86 57 79 64 78 77 62 84 77 74 74 81 83 87 78 
90 84 96 73 81 78 81 78 73 77 84 84 91 76 84 71 
80 93 70 81 65 86 82 70 66 79 79 81 91 77 87 85 
84 75 83 80 84 82 64 68 68 83 99 77 70 71 105 67 
90 78 72 91 84 81 74 83 88 71 85 77 75 77 91 86 
97 88 66 86 73 76 80 72 74 78 72 86 84 91 88 75 
84 76 82 57 75 69 95 81 67 85 83 87 99 84 76 85 
73 83 92 94 75 79 71 90 71 73 77 86 107 78 80 87 
82 72 71 76 80 76 68 82 78 75 78 88 78 77 94 64 
88 84 71 70 84 90 73 69 81 65 89 68 66 87 86 80 
85 77 74 86 74 78 64 74 67 78 82 64 89 69 93 90 
88 77 93 70 86 79 84 98 64 86 82 75 89 74 66 73 
74 84 84 84 75 80 72 74 88 78 82 68 83 100 83 81 
92 81 86 84 94 79 77 88 81 85 84 94 85 70 88 70 

79 91 83 76 86 95 83 87 83 87 78 77 97 76 100 83 
78 97 87 73 89 77 81 81 78 72 90 76 95 89 91 74 
80 74 56 81 87 73 81 87 74 103 81 101 82 68 91 68 
93 74 73 84 87 85 81 81 77 67 93 86 78 85 83 79 
86 73 93 71 71 83 96 97 76 98 74 86 93 72 98 78 
75 86 74 78 88 89 86 87 84 84 83 72 92 79 95 78 
88 86 84 70 98 84 78 80 74 87 82 88 78 79 83 88 
83 85 77 87 75 78 80 72 85 81 79 104 86 79 91 80 
87 92 72 85 85 75 92 90 73 79 82 90 77 88 98 84 
91 79 102 85 70 80 81 95 79 98 84 81 80 84 95 82 
66 77 79 76 83 79 84 86 87 81 81 86 81 92 93 84 
95 90 84 87 90 94 73 70 84 84 105 78 82 76 86 87 
82 95 67 74 76 69 87 78 84 84 83 101 71 91 75 80 
100 79 71 88 64 71 97 84 85 71 64 87 79 73 94 68 
89 98 83 88 77 78 82 82 92 93 81 88 77 84 82 92 
77 68 80 68 81 87 76 78 73 82 78 82 71 83 81 74 

83 100 91 82 85 75 90 87 75 91 88 83 85 67 90 97 
102 75 77 73 73 83 72 76 77 67 79 93 78 89 78 70 
101 95 88 86 82 91 93 78 85 80 84 96 77 82 77 81 
73 82 96 83 75 76 82 91 73 89 89 82 95 85 90 92 
72 84 97 92 91 81 87 87 103 103 74 79 71 100 81 90 
102 83 82 73 94 93 76 81 76 93 81 89 81 64 95 105 
88 87 74 71 82 95 89 79 91 73 93 87 73 88 90 83 
90 79 87 92 76 83 96 87 63 77 74 94 80 88 70 67 
85 83 95 88 87 85 85 82 92 73 92 73 84 101 71 83 
89 83 85 98 95 77 77 82 92 91 66 75 83 96 88 81 
86 83 89 84 98 93 89 86 85 82 74 91 77 67 78 86 
89 83 68 70 85 88 90 74 83 84 94 87 74 88 95 77 
80 94 90 86 76 83 97 90 72 84 90 89 79 68 87 79 
70 84 91 75 85 76 83 97 79 70 84 88 96 82 72 84 
91 73 78 92 97 85 62 78 98 90 83 62 83 95 86 77 
101 87 83 85 84 112 91 75 80 79 92 94 72 98 93 89 

100 75 78 75 69 93 84 79 90 87 103 77 79 88 85 92 
74 75 79 79 100 88 98 82 78 69 95 69 74 71 77 75 
74 83 88 91 83 77 100 89 83 74 78 100 76 79 97 83 
83 82 84 81 94 95 71 78 83 93 81 77 87 68 91 98 
93 81 71 89 98 85 81 71 97 112 75 83 72 79 94 105 
100 86 73 100 81 86 86 78 91 78 91 98 81 97 95 84 
87 89 88 73 83 78 100 110 69 67 84 92 84 92 70 81 
73 95 87 98 86 72 111 81 93 79 74 94 84 80 103 88 
75 93 86 77 82 91 83 73 78 93 75 80 84 90 95 93 
95 93 78 79 92 90 77 75 95 102 90 89 79 74 101 89 
103 88 79 81 93 75 80 78 79 82 78 97 83 83 95 73 
102 78 94 77 86 95 87 100 65 74 95 85 84 88 74 91 
78 71 92 83 82 76 81 83 85 72 79 80 93 83 85 80 
84 90 88 86 85 90 85 89 86 91 75 78 91 94 95 78 
68 86 92 74 74 66 83 86 96 88 84 86 77 89 82 79 
84 81 85 81 92 69 75 82 93 94 74 103 80 85 104 77 

93 85 96 77 88 91 87 91 82 85 97 86 76 88 79 102 
99 78 83 84 73 73 82 93 79 72 77 80 82 95 77 75 
100 79 81 85 71 85 79 94 83 69 80 63 104 91 83 96 
89 68 86 83 96 74 78 75 87 80 82 69 80 83 93 94 
99 86 94 89 75 96 79 94 84 85 81 95 87 81 95 92 
109 83 83 78 92 86 81 64 79 88 83 86 70 91 90 78 
88 85 89 99 96 84 89 91 74 103 87 99 87 95 105 83 
93 76 92 86 75 82 78 79 81 80 73 74 94 82 91 82 
103 79 89 84 84 84 71 94 91 70 79 78 95 96 84 84 
98 77 85 69 75 93 81 94 73 66 76 94 88 80 80 79 
91 97 85 90 89 75 82 61 87 95 86 90 58 85 88 74 
96 72 73 84 88 85 83 86 78 85 83 88 85 77 87 88 
70 73 86 82 88 74 83 75 79 74 89 79 79 79 77 95 
94 74 86 76 83 83 77 91 89 67 83 68 96 91 81 80 
84 84 77 77 90 87 81 87 83 76 91 83 97 84 92 82 
75 82 86 83 84 80 78 68 76 79 96 82 71 93 79 77 

92 96 84 84 85 84 101 86 75 90 87 93 92 79 76 78 
80 86 84 83 85 74 100 90 103 98 97 91 91 97 79 80 
87 84 73 96 69 83 85 81 97 97 74 95 80 100 99 74 
98 95 90 72 92 79 84 71 94 88 89 82 91 93 97 85 
96 90 77 79 61 97 98 93 96 78 93 102 77 90 92 104 
107 84 87 80 83 78 84 86 70 82 87 84 94 66 87 72 
96 81 73 85 90 79 88 88 91 90 87 90 78 84 78 75 
85 86 87 76 77 77 83 81 74 102 80 91 72 75 100 80 
83 88 87 75 81 72 84 75 74 68 72 81 81 81 75 83 
97 88 84 88 75 94 94 95 99 97 75 105 75 84 95 83 
81 88 85 72 85 87 81 69 85 72 80 75 85 79 74 77 
104 74 90 85 97 87 86 96 81 101 89 89 82 92 86 91 
105 70 80 95 73 68 89 84 78 85 81 85 94 69 91 83 
95 97 86 94 90 93 82 78 77 71 89 83 87 78 78 96 
93 96 100 79 93 109 84 85 81 90 93 94 87 83 91 87 
91 95 81 76 77 91 98 72 89 61 82 90 80 91 76 80 

85 74 95 95 64 86 69 84 86 81 86 89 93 100 85 91 
88 86 86 95 88 77 79 93 70 75 88 75 80 92 96 81 
86 81 71 71 95 97 74 72 71 94 87 85 77 81 98 95 
88 88 78 79 85 90 80 79 95 88 71 77 94 80 92 98 
90 83 86 87 90 100 90 93 84 94 89 84 80 88 90 90 
81 78 105 95 87 76 88 94 72 77 92 90 84 100 74 83 
88 86 83 96 82 78 97 95 77 72 87 92 89 89 85 62 
86 74 83 61 106 103 77 74 76 107 66 84 77 72 109 88 
76 79 78 87 95 91 86 85 111 90 64 80 76 79 100 91 
96 91 88 74 86 84 100 93 67 73 88 102 77 74 71 78 
80 71 85 94 88 78 82 100 73 94 82 97 93 94 95 80 
81 65 92 92 96 78 66 94 78 88 79 64 81 87 93 53 
86 84 84 72 80 95 93 78 77 90 70 86 82 72 98 80 
85 77 75 74 72 92 86 84 90 74 67 82 79 70 86 77 
100 95 84 83 99 85 86 93 73 91 83 83 78 68 103 85 
82 77 86 93 75 81 71 94 85 83 72 84 88 83 80 78 

97 77 90 78 114 98 92 86 100 91 92 86 87 81 87 82 
92 86 83 72 76 81 86 81 72 91 85 86 84 62 81 80 
78 86 99 93 84 81 89 93 102 84 94 95 82 76 98 68 
105 72 77 91 93 85 79 88 84 80 90 73 78 70 64 78 
92 87 83 88 82 88 96 91 77 98 95 88 84 70 91 89 
102 80 81 76 91 105 78 75 94 76 80 77 67 76 74 81 
93 82 85 82 88 76 83 86 79 98 77 89 96 62 85 81 
80 84 86 83 79 71 72 86 77 96 85 90 70 74 89 70 
95 90 86 72 78 77 95 89 84 82 85 76 86 78 69 73 
89 68 96 79 79 80 71 104 77 86 73 81 90 77 89 78 
95 86 80 101 78 82 72 81 109 79 91 92 70 78 93 81 
85 84 89 76 66 88 98 81 76 78 82 81 80 72 79 89 
82 77 83 75 64 88 81 86 80 84 91 84 82 84 91 80 
87 85 74 79 93 88 91 71 94 81 81 75 71 83 72 70 
71 69 75 81 95 79 80 85 85 119 79 80 75 84 97 84 
88 89 93 93 91 86 78 99 88 89 90 88 71 78 91 76 

83 78 83 74 85 88 78 68 82 78 79 72 74 85 79 89 
73 91 73 75 90 82 80 77 82 110 89 88 84 72 88 89 
69 73 89 69 91 52 84 96 78 82 60 67 75 91 81 71 
79 77 75 84 77 76 85 80 86 76 78 97 81 100 86 62 
97 82 80 86 84 79 89 74 91 81 68 94 71 74 84 86 
89 91 84 79 85 93 78 91 81 82 88 68 75 75 86 98 
78 88 73 68 107 85 90 77 86 109 93 86 66 71 97 82 
72 83 89 84 99 66 85 104 91 78 76 84 85 94 77 70 
88 83 81 86 80 68 102 86 89 73 71 110 95 80 66 62 
93 76 80 85 95 79 96 80 99 95 85 91 76 87 76 79 
80 98 73 75 77 80 84 69 79 80 88 72 63 82 89 87 
74 95 87 73 89 76 105 87 85 82 92 97 81 75 86 73 
86 83 75 80 83 87 83 95 81 72 77 94 90 91 86 84 
81 79 75 76 89 70 86 72 84 90 87 85 82 85 79 86 
98 88 89 92 81 97 93 91 93 86 95 87 90 91 79 80 
81 68 79 83 75 80 63 76 84 86 91 70 69 95 87 88 

90 80 86 77 90 97 89 85 93 76 91 101 90 94 75 83 
83 70 74 86 71 62 89 70 88 66 69 86 69 109 84 53 
90 62 92 77 102 79 76 89 86 101 77 84 77 90 89 92 
74 80 80 78 78 81 75 77 102 72 84 89 66 82 83 100 
119 72 84 93 76 100 75 81 79 90 87 91 94 84 80 92 
95 81 88 87 71 103 86 74 86 69 103 85 88 90 79 87 
95 75 88 92 72 78 89 96 78 84 82 88 86 88 85 83 
93 84 74 97 87 79 87 77 94 77 75 97 93 94 78 86 
92 83 85 78 80 89 87 89 86 77 87 90 83 87 94 94 
105 88 89 83 89 94 98 69 80 96 88 95 76 103 77 101 
92 87 92 75 71 86 96 82 79 84 88 105 85 103 86 93 
95 75 83 94 88 76 89 101 78 95 91 93 96 93 87 96 
105 79 92 84 96 87 88 96 92 93 90 102 91 88 84 85 
96 72 86 85 71 99 77 78 98 76 87 89 85 96 93 82 
93 84 100 99 97 82 89 85 94 92 92 89 95 87 80 86 
91 74 94 89 79 84 84 80 86 72 82 87 77 95 80 81 

90 90 90 90 90 70 92 98 84 79 75 87 88 87 86 91 
76 93 78 80 81 69 82 86 88 71 67 75 96 78 80 61 
98 97 86 81 86 95 86 67 80 75 82 71 63 88 74 75 
78 89 70 97 82 87 81 55 77 84 82 79 72 85 102 77 
105 98 83 89 72 88 88 76 77 72 82 87 66 84 83 81 
81 95 77 98 93 80 89 95 74 85 62 88 91 68 87 83 
80 82 71 100 74 68 78 79 102 77 68 85 95 91 84 73 
87 111 87 75 81 82 112 86 69 79 83 85 79 80 65 72 
96 92 74 87 67 81 94 67 80 63 89 76 77 84 92 89 
83 91 100 83 100 83 87 87 85 81 72 87 77 71 103 76 
103 78 91 88 79 82 79 77 86 65 79 70 81 68 67 83 
81 86 81 80 89 82 85 80 76 82 81 80 83 71 88 70 
88 88 98 65 84 81 90 92 86 79 74 66 93 81 68 72 
87 76 78 80 85 67 81 84 82 79 76 67 79 81 84 71 
101 68 107 77 97 98 76 78 75 77 98 85 84 69 102 79 
94 91 73 82 79 74 86 78 87 69 83 88 85 75 67 74 

100 94 86 92 82 78 89 78 101 103 79 90 66 104 96 76 
97 70 86 89 85 88 88 80 79 71 81 75 83 69 77 90 
88 96 78 75 92 65 97 99 87 96 74 76 90 83 88 95 
93 90 95 82 74 96 82 89 92 72 83 76 71 88 79 77 
94 87 75 81 82 88 92 72 79 94 80 101 76 67 92 86 
100 78 79 90 96 78 86 76 78 94 79 93 79 91 104 79 
89 73 86 85 91 78 83 80 73 85 69 98 72 76 90 73 
94 99 98 76 84 72 84 98 78 84 82 83 108 72 94 81 
86 84 94 72 66 83 83 95 84 74 84 84 71 102 81 82 
89 84 87 84 84 88 83 78 78 97 69 83 85 82 80 72 
82 82 74 81 80 80 90 77 99 90 83 83 79 89 83 84 
98 80 83 78 88 81 84 85 71 79 90 93 80 67 86 80 
101 86 84 83 78 76 83 79 96 76 86 72 77 81 93 71 
83 84 95 67 87 83 83 99 80 82 84 71 93 89 90 80 
74 72 101 88 90 90 73 71 78 90 81 84 103 80 77 74 
76 76 84 77 82 90 79 82 88 89 77 87 80 91 89 90 

102 78 97 87 82 98 79 94 75 91 101 68 84 90 96 74 
73 73 84 69 86 78 76 73 86 96 73 65 73 59 95 72 
82 94 68 82 95 72 80 70 77 95 69 83 87 75 87 88 
80 86 79 80 90 74 95 86 80 92 84 75 80 74 87 83 
76 80 83 78 90 69 90 77 96 75 72 99 89 83 84 74 
100 80 85 82 87 97 80 96 74 86 92 74 74 87 93 85 
80 89 88 73 98 76 92 88 89 100 87 83 79 69 95 94 
77 102 82 93 80 82 86 95 79 91 71 87 84 70 71 89 
82 85 78 94 82 65 111 80 102 80 75 95 79 100 82 71 
83 93 87 86 96 87 96 86 85 74 79 100 90 87 83 66 
85 67 84 86 92 93 79 99 84 93 96 83 89 91 101 98 
78 88 98 83 96 83 85 80 90 91 97 76 75 80 92 89 
94 89 70 68 76 98 92 91 71 90 73 99 102 77 84 79 
68 78 84 92 80 59 91 78 92 79 67 84 78 90 55 68 
78 70 84 86 91 83 89 76 87 83 77 96 70 83 111 87 
92 69 82 74 82 87 84 79 81 86 89 88 65 88 90 98 

89 76 97 80 90 87 95 87 85 91 87 78 82 82 87 88 
73 68 81 82 74 84 76 84 80 68 85 79 80 93 92 78 
91 79 92 77 76 90 92 97 88 78 101 78 101 81 85 114 
96 93 75 79 101 72 87 93 72 101 70 76 102 67 118 100 
96 79 95 82 87 89 74 87 81 84 98 81 109 74 86 83 
98 92 101 72 73 104 96 89 75 89 95 94 100 87 94 85 
74 66 88 95 79 100 71 81 89 74 100 70 92 92 90 98 
95 67 85 87 73 80 76 91 99 74 83 95 76 101 91 83 
100 83 65 85 103 79 81 94 82 75 81 83 90 64 87 108 
75 83 101 71 76 94 71 86 75 90 93 72 88 78 84 91 
80 80 107 78 71 99 79 91 89 87 93 74 70 93 96 80 
77 69 74 103 91 89 79 85 92 84 77 89 96 77 93 73 
83 68 69 97 77 76 76 68 101 78 82 82 64 98 83 83 
91 89 69 63 101 86 85 78 63 85 85 85 90 72 95 83 
71 81 98 77 77 80 69 84 78 83 82 77 76 76 92 89 
76 85 92 92 80 83 86 89 93 77 79 91 72 80 78 72 

94 72 97 83 97 95 75 93 92 96 80 88 79 83 91 75 
82 77 89 90 94 71 70 84 92 83 70 85 95 87 81 80 
87 91 84 83 94 84 104 72 73 83 81 91 72 78 94 78 
88 88 90 67 84 96 88 76 69 99 102 75 92 94 79 97 
95 75 89 95 96 92 74 73 96 84 93 94 66 87 88 94 
86 75 86 85 79 81 80 87 88 89 77 99 79 62 97 84 
86 92 92 81 85 84 92 93 96 85 75 103 98 85 85 84 
91 104 89 81 72 85 93 86 87 83 82 75 79 93 89 76 
93 92 82 65 92 90 87 80 76 101 96 84 91 96 96 98 
96 77 81 90 92 106 76 83 80 72 96 86 80 70 80 91 
82 90 76 81 85 70 78 82 89 88 97 89 88 84 86 99 
74 89 93 105 79 80 93 95 88 82 72 88 105 77 66 77 
83 89 94 62 79 78 101 80 77 83 83 87 91 83 87 70 
76 109 62 70 95 89 98 74 68 86 91 92 54 77 105 98 
89 79 85 88 99 91 81 81 92 84 93 93 86 83 103 73 
84 83 83 85 85 87 76 86 86 93 78 89 80 92 84 69 

110 81 75 82 85 109 83 84 84 75 98 80 86 88 102 64 
75 70 88 72 75 87 87 94 80 96 85 83 92 76 101 71 
87 68 89 94 91 88 84 77 89 87 88 63 85 81 99 102 
80 76 77 69 81 79 82 93 83 81 74 84 90 77 109 71 
64 96 88 71 88 69 90 88 92 79 88 104 96 80 80 81 
85 74 70 71 77 90 79 73 63 72 90 88 89 77 90 71 
79 74 85 76 75 89 85 96 89 101 90 79 94 92 95 84 
87 78 91 81 89 85 81 72 81 91 73 65 78 82 89 86 
90 77 80 81 99 94 91 108 69 97 97 87 98 81 88 74 
86 81 91 92 97 71 82 82 88 93 93 97 72 66 105 70 
89 82 79 75 93 94 83 85 76 95 77 92 89 81 100 82 
75 81 88 67 79 76 88 99 93 83 75 88 100 88 97 77 
78 69 94 73 82 74 67 90 91 72 84 61 77 69 88 71 
96 58 76 86 79 112 80 89 78 94 107 90 91 100 96 107 
88 78 77 82 82 75 77 64 94 82 103 78 68 70 94 92 
81 82 80 81 82 87 81 100 75 92 85 93 101 97 87 88 

91 83 90 83 93 85 89 90 87 82 85 81 88 91 104 70 
75 81 94 93 75 78 83 93 95 71 74 87 98 82 71 83 
94 85 83 81 73 105 84 71 99 88 90 90 81 76 81 87 
83 95 63 87 102 86 89 63 62 83 93 73 78 76 105 86 
87 93 78 102 67 91 95 83 95 75 91 75 87 98 96 96 
70 101 83 91 75 77 86 79 89 64 83 74 93 77 87 78 
83 87 94 95 96 93 85 95 94 88 99 107 89 83 92 109 
84 83 68 77 101 80 77 78 84 102 84 63 83 68 102 95 
85 89 84 101 96 95 87 98 85 98 97 75 97 99 116 87 
85 102 87 81 75 78 91 90 82 75 80 91 97 84 90 84 
90 78 73 97 76 87 84 74 101 81 82 96 97 80 92 81 
81 79 72 92 109 82 86 75 78 98 97 88 69 81 118 89 
92 93 68 77 64 87 98 71 79 94 97 81 92 80 90 88 
91 91 83 85 77 87 94 94 89 72 85 79 96 78 78 83 
82 90 75 86 89 84 83 93 93 86 89 90 90 72 79 82 
90 84 76 96 84 88 90 71 78 85 90 82 99 66 80 86 

74 81 87 78 66 87 106 94 69 66 80 105 82 82 107 77 
84 81 92 77 88 68 73 85 92 71 80 77 84 88 90 69 
87 73 71 72 84 91 65 73 81 91 91 80 87 79 87 86 
87 88 73 72 89 91 99 72 87 86 87 80 77 92 82 74 
94 67 83 81 72 85 82 92 78 81 87 78 96 78 101 86 
74 88 94 90 80 76 94 96 84 72 82 93 92 88 104 81 
96 84 83 68 90 73 64 88 103 83 92 74 73 91 102 81 
79 91 77 76 95 77 80 79 81 107 88 73 72 68 97 86 
96 87 76 84 88 83 106 73 94 85 88 104 91 84 72 81 
84 93 87 77 68 83 95 88 82 81 74 97 93 71 74 81 
69 99 121 93 82 77 96 95 86 70 92 89 88 87 103 74 
91 80 75 85 88 85 72 80 99 85 91 81 78 91 90 79 
86 87 70 83 96 80 76 70 89 98 74 60 72 86 85 77 
88 91 77 77 79 74 99 68 70 79 89 102 84 73 85 87 
74 79 79 100 62 95 88 85 82 62 85 92 87 69 71 79 
74 86 115 91 85 61 86 78 90 71 71 84 80 83 81 71 

84 82 81 93 71 80 80 88 89 88 72 81 78 82 76 86 
79 81 82 97 75 78 92 77 80 72 75 75 72 77 93 77 
81 90 73 89 101 69 86 86 82 84 68 75 73 77 71 87 
84 97 77 91 87 73 86 78 86 81 67 85 80 95 66 71 
78 96 98 81 88 89 93 81 75 78 94 89 89 76 102 77 
78 86 84 78 79 85 92 84 74 89 81 101 69 69 75 91 
83 82 87 76 81 95 101 87 79 77 91 94 94 87 84 101 
103 97 80 84 77 78 86 78 87 100 83 91 78 86 90 88 
104 93 76 86 96 93 84 86 89 98 73 95 80 94 71 81 
74 89 93 109 85 86 83 81 92 74 95 80 96 109 77 73 
85 92 84 92 77 79 88 87 73 84 75 88 75 81 89 91 
83 86 79 97 84 92 89 97 85 74 97 98 91 81 85 104 
97 96 79 74 77 80 89 87 79 92 77 88 98 72 86 87 
95 84 61 101 90 111 80 71 82 85 95 90 76 92 73 91 
90 91 104 91 98 97 100 85 95 95 97 83 100 98 87 89 
77 100 94 82 78 85 79 84 75 80 78 84 75 79 86 81 

81 88 76 77 86 89 81 80 74 94 87 86 75 89 83 90 
72 77 104 88 100 84 83 97 94 81 83 99 88 81 92 86 
81 88 67 81 90 71 70 84 78 89 77 91 89 78 94 88 
83 81 101 80 84 91 96 78 87 95 78 76 84 86 100 79 
88 84 90 78 91 82 80 92 82 91 93 83 78 81 94 78 
91 84 82 94 82 92 83 79 77 82 80 95 88 83 95 85 
103 76 93 98 83 91 93 76 101 77 94 83 96 84 88 85 
83 93 85 85 100 79 74 103 88 86 86 80 99 84 91 86 
87 74 94 82 87 87 83 75 79 86 79 78 101 96 99 76 
105 98 94 85 78 99 94 98 95 81 104 87 95 78 88 81 
96 94 78 79 86 96 91 81 66 80 92 101 86 81 86 108 
108 86 87 97 87 101 92 79 97 81 99 89 86 81 89 86 
82 72 94 76 88 89 78 118 80 97 90 79 108 86 85 86 
70 93 86 94 82 73 100 74 82 76 78 97 83 93 64 93 
89 94 86 81 90 89 92 96 92 95 90 86 83 80 110 70 
84 87 63 81 74 78 81 77 67 85 76 90 79 92 81 88 

80 93 93 97 93 86 107 74 92 84 87 93 74 85 87 87 
86 102 84 103 82 78 91 94 80 68 92 99 98 104 83 103 
94 79 79 69 97 90 85 89 76 88 82 74 91 75 85 70 
90 71 79 87 96 105 81 76 82 107 95 90 81 80 102 91 
89 84 88 88 80 90 89 84 89 85 81 90 80 79 98 79 
87 82 102 87 81 100 89 92 90 77 81 81 89 94 75 77 
99 96 83 98 85 80 88 93 83 69 91 89 79 81 91 99 
102 93 75 70 89 96 79 93 75 92 99 79 82 73 97 78 
85 86 81 90 88 90 98 73 86 79 77 82 79 91 87 80 
84 79 92 111 68 91 80 92 90 76 83 89 93 80 78 85 
78 78 84 83 74 86 92 65 84 65 69 67 81 87 75 81 
92 93 78 94 93 90 101 88 74 78 84 87 80 83 93 89 
77 76 75 69 92 90 71 79 82 75 89 78 84 71 87 86 
72 62 93 94 103 88 78 80 92 84 88 81 93 92 92 90 
100 77 100 98 90 107 80 89 84 80 89 86 93 85 90 86 
88 91 86 86 79 90 105 75 102 65 87 76 75 97 84 91 

89 75 88 85 82 85 72 90 72 72 103 87 81 73 80 91 
78 86 77 75 87 78 96 81 95 97 70 89 69 101 81 72 
81 87 79 71 76 88 81 88 82 92 89 70 79 90 93 80 
72 83 88 69 100 79 79 86 81 89 74 83 62 75 77 89 
89 74 86 96 101 94 96 80 87 87 82 107 92 82 95 100 
84 83 77 83 99 71 92 78 78 79 71 94 67 84 88 85 
87 82 78 78 101 86 94 84 97 100 92 73 82 100 81 85 
76 95 92 91 90 71 85 81 93 82 72 80 96 103 86 77 
77 88 84 72 88 72 89 89 81 94 83 82 94 75 82 88 
99 86 86 81 92 94 103 78 76 79 99 88 87 81 87 96 
92 66 82 80 79 88 78 87 80 72 89 84 71 83 85 91 
97 88 78 92 86 96 98 68 96 98 106 90 80 86 83 85 
83 94 87 80 87 91 81 78 78 82 84 86 88 90 83 82 
76 96 86 92 89 79 86 84 93 74 89 101 87 83 88 78 
97 77 90 93 94 86 91 93 94 93 91 89 85 98 83 90 
91 78 85 84 77 74 80 77 81 91 88 74 81 75 76 79 

81 105 84 86 80 90 98 82 88 81 93 95 89 82 94 90 
91 87 76 92 86 85 82 88 73 87 91 81 114 78 80 70 
82 85 76 86 80 81 93 89 88 84 83 82 82 102 84 68 
83 80 90 84 73 87 73 95 80 88 94 93 85 92 93 86 
88 110 85 79 96 89 82 90 93 93 80 98 96 78 99 96 
93 87 84 76 94 80 79 85 82 86 83 81 90 78 80 86 
89 79 86 95 87 88 92 85 83 77 98 86 103 94 83 88 
90 88 93 81 85 88 96 87 79 80 87 86 87 91 85 75 
86 82 83 88 72 75 74 76 99 83 93 90 82 100 102 94 
96 92 80 91 82 75 83 69 105 84 75 87 84 92 97 80 
87 83 78 77 101 80 85 89 95 86 87 94 93 79 81 92 
92 93 64 76 84 68 106 80 82 67 95 84 76 82 79 90 
94 86 85 82 77 84 101 74 95 87 88 82 67 105 97 76 
92 83 84 80 89 88 78 83 79 89 92 91 94 87 96 86 
86 89 96 87 88 106 81 86 88 77 90 93 88 72 76 84 
80 73 93 68 88 79 84 97 70 100 84 90 100 64 99 80 

95 88 108 90 71 91 99 80 79 77 88 81 88 75 95 95 
90 84 97 82 79 87 93 91 85 68 79 75 89 80 65 90 
94 70 73 74 103 92 69 79 77 82 89 83 80 74 88 81 
102 76 79 77 88 84 83 78 86 74 97 75 77 78 92 96 
90 78 84 80 74 102 92 95 80 80 86 89 94 79 90 69 
98 86 90 89 85 91 92 79 88 71 80 79 94 92 89 83 
95 86 86 85 86 89 84 96 89 87 91 87 89 91 76 79 
85 84 73 85 86 74 79 69 91 83 92 79 76 90 95 83 
77 77 77 87 85 70 76 72 85 97 68 81 71 77 88 79 
95 82 77 79 80 82 88 71 72 75 87 88 84 73 89 87 
84 83 75 78 83 87 87 76 75 82 72 75 76 91 108 83 
92 102 74 86 95 73 86 80 89 105 83 87 94 89 86 73 
76 64 94 82 84 74 74 91 76 86 94 84 107 77 96 99 
73 94 100 84 67 68 88 85 82 75 72 109 85 72 79 75 
104 92 81 70 86 84 100 85 79 81 95 104 102 80 93 82 
80 92 79 74 94 75 90 78 68 97 73 79 75 81 100 82 

73 85 91 78 84 68 95 80 99 98 83 94 87 90 78 80 
84 75 71 87 75 75 82 77 81 84 81 70 96 77 98 72 
100 77 78 74 70 83 86 83 77 89 98 90 75 76 87 93 
72 91 84 58 87 70 71 78 79 76 87 92 80 72 97 81 
105 83 72 76 89 100 76 82 85 78 77 91 98 100 82 77 
76 88 89 88 76 63 92 71 88 97 95 83 86 86 91 91 
88 78 100 85 69 94 90 105 88 83 92 86 96 92 85 84 
99 81 80 78 85 83 93 87 93 85 74 105 91 72 83 79 
82 88 107 83 96 81 79 94 77 86 85 94 88 78 88 80 
92 90 80 86 85 93 98 79 88 90 88 96 86 97 91 78 
101 81 85 88 110 88 77 67 82 104 93 84 66 89 88 92 
94 67 76 102 80 89 80 95 91 91 81 70 88 94 97 86 
96 78 86 92 80 94 94 87 95 76 67 94 80 85 75 73 
89 85 91 70 72 97 77 86 60 71 90 76 95 66 88 85 
88 66 94 101 96 109 85 91 105 94 95 86 86 85 99 64 
90 70 100 77 88 68 66 80 80 91 84 64 96 83 83 75 

86 77 76 92 95 72 70 83 82 94 78 81 78 87 90 110 
81 92 87 89 93 79 94 85 78 72 79 87 77 76 78 83 
78 80 90 69 87 85 81 81 76 80 71 79 99 92 84 56 
83 86 90 94 103 93 88 75 88 95 97 67 83 82 103 84 
99 88 93 83 83 92 79 85 81 73 104 87 79 72 82 96 
91 86 85 87 82 84 79 81 79 79 89 86 97 79 86 100 
85 82 83 93 87 90 91 87 81 85 79 67 79 89 81 87 
71 79 71 89 90 84 73 73 87 92 75 85 98 83 80 71 
86 94 80 83 85 101 81 79 85 75 93 75 77 82 92 93 
92 113 83 77 75 86 99 96 82 83 88 85 89 80 96 81 
82 92 85 97 93 81 94 88 82 84 89 84 96 73 102 84 
97 88 85 92 93 98 106 87 80 90 89 99 82 84 84 85 
80 78 82 96 80 98 79 82 91 89 82 90 110 94 76 95 
90 81 86 99 106 97 79 94 90 91 89 80 70 89 102 86 
89 87 67 78 76 80 87 92 88 88 87 91 88 94 92 85 
71 78 102 94 77 85 90 77 84 78 68 86 84 87 92 72 

106 69 104 95 102 81 71 85 90 98 90 82 88 80 89 80 
95 82 77 79 83 90 88 68 80 68 82 67 74 89 103 88 
90 89 100 90 80 87 83 95 93 80 84 90 78 91 82 85 
103 96 86 90 73 67 81 76 80 81 76 76 79 69 95 90 
89 93 76 85 84 99 83 74 77 81 91 92 85 77 94 105 
89 74 91 96 83 80 73 78 92 75 80 86 79 80 77 81 
70 77 90 88 90 65 92 88 84 84 80 71 91 100 79 88 
97 93 84 95 83 89 92 75 91 84 87 97 71 101 92 69 
101 121 85 77 71 72 101 77 87 79 82 108 75 84 86 86 
80 92 95 80 89 101 84 94 81 80 94 81 103 79 74 105 
78 65 82 95 78 82 84 74 109 72 73 87 76 88 86 74 
89 71 71 97 83 85 89 78 87 80 96 73 86 101 84 84 
92 89 82 80 93 82 78 79 80 76 98 74 83 88 98 79 
93 102 77 68 76 73 85 73 78 72 68 92 81 68 76 74 
87 74 85 62 92 100 75 96 71 87 92 69 96 64 82 101 
87 65 85 72 74 78 71 80 79 77 63 74 75 76 83 75 

97 74 97 82 89 89 89 78 93 82 85 77 78 96 89 86 
74 77 77 68 72 76 71 91 77 85 90 66 87 58 74 85 
100 78 98 89 81 70 103 83 93 86 77 92 89 92 87 88 
86 75 77 77 79 83 82 90 85 83 69 73 96 72 101 75 
76 91 90 80 104 95 85 84 84 90 80 82 91 85 105 80 
90 90 107 70 88 88 93 85 82 92 81 81 82 89 93 84 
108 75 77 82 69 94 74 94 87 85 101 82 85 72 92 84 
100 69 77 93 93 66 96 84 83 95 88 90 79 79 92 104 
81 86 86 78 74 79 95 91 89 73 83 92 88 92 64 90 
79 79 90 66 84 91 67 85 76 78 79 74 91 72 81 78 
94 87 90 67 97 82 100 77 76 89 79 86 74 81 85 83 
95 82 73 97 71 63 75 92 79 86 72 80 77 75 102 73 
103 66 95 95 100 84 83 89 90 79 64 80 78 88 88 95 
81 81 93 71 81 82 82 89 78 75 83 91 95 93 82 73 
92 76 95 86 97 91 79 85 68 92 95 84 81 70 79 86 
90 82 87 65 93 86 83 80 82 93 87 66 82 65 93 78 

83 78 73 77 98 71 95 96 85 107 95 90 79 89 92 87 
80 85 96 77 89 80 83 99 84 66 76 80 98 74 86 92 
89 88 83 67 64 85 84 103 79 83 90 98 92 75 93 81 
86 86 71 89 86 78 87 70 95 77 82 83 69 95 92 88 
77 88 78 90 75 84 73 84 84 96 81 71 84 76 76 74 
78 81 80 78 91 76 95 83 88 89 81 81 69 88 83 86 
82 78 80 68 84 85 80 84 79 85 76 91 75 80 86 73 
91 78 88 69 72 89 88 84 80 76 78 93 76 85 97 78 
102 82 70 88 78 91 83 79 86 76 82 89 90 85 81 96 
102 84 77 86 83 85 85 84 93 97 88 81 86 95 88 92 
90 93 97 79 69 77 79 91 80 81 85 77 78 84 89 75 
102 80 82 68 98 99 73 103 82 90 92 92 96 86 89 81 
81 85 74 84 80 90 81 76 89 82 84 83 80 86 85 80 
93 75 101 92 85 82 65 100 76 91 80 71 94 93 82 86 
104 91 81 91 84 97 96 87 99 95 101 93 79 78 85 84 
84 77 92 69 76 81 85 97 70 77 95 88 84 71 73 85 

77 73 81 89 87 85 92 79 83 75 88 97 74 88 72 96 
81 95 90 94 81 80 69 80 96 83 82 102 103 73 81 95 
90 103 92 88 81 87 92 83 105 95 87 83 79 89 84 86 
94 94 69 90 78 87 93 75 87 72 87 80 83 118 90 76 
97 91 91 87 114 94 103 85 82 92 97 86 86 85 90 107 
70 80 86 82 103 81 92 86 77 84 95 78 77 88 82 102 
83 82 98 104 90 74 83 79 110 93 69 94 102 86 93 94 
75 106 81 75 106 88 101 75 88 99 72 98 85 80 101 80 
100 89 71 69 83 95 102 78 79 78 96 106 71 104 101 88 
84 70 88 97 90 88 91 89 89 63 97 82 88 79 77 89 
95 76 85 87 80 91 96 74 83 78 81 85 78 80 88 82 
86 90 85 81 91 82 86 69 90 83 90 79 86 80 86 95 
72 83 91 75 95 76 92 89 87 76 76 75 87 75 90 80 
83 91 75 82 85 96 93 89 92 84 80 85 76 96 87 76 
81 70 86 80 92 80 100 85 88 79 91 89 93 85 82 94 
95 69 79 85 87 89 86 81 78 86 87 82 57 87 76 97 

75 94 79 84 94 78 73 70 81 88 79 75 86 97 84 77 
107 82 94 75 81 83 88 89 86 59 94 92 88 63 82 79 
93 77 88 75 76 79 81 85 86 70 81 84 99 86 79 86 
104 81 82 79 68 85 79 67 75 74 91 70 70 81 70 80 
85 84 95 76 94 89 101 74 87 86 98 95 87 76 110 73 
99 76 76 81 96 100 76 72 78 78 78 94 65 90 73 79 
109 92 85 86 103 85 94 77 87 80 91 91 84 69 84 87 
86 87 71 87 82 73 80 77 91 75 75 78 80 95 75 81 
93 88 102 79 84 76 89 78 77 83 85 78 72 82 69 66 
72 81 84 79 74 78 87 70 80 76 89 82 74 72 92 77 
82 75 74 83 89 78 80 77 76 73 71 84 80 78 82 84 
122 94 68 76 89 85 101 69 80 81 87 82 84 69 97 85 
84 81 87 71 79 69 72 83 74 67 78 76 80 75 69 89 
90 96 95 78 85 82 87 74 84 69 83 83 86 79 79 68 
92 83 90 76 87 88 80 71 82 84 78 74 79 85 79 77 
73 73 85 85 93 67 73 75 81 87 71 85 87 90 87 79 

95 80 93 80 94 90 91 96 77 86 86 94 92 70 90 95 
85 82 73 79 77 77 83 78 70 65 88 84 87 73 90 83 
83 83 81 83 97 90 84 84 84 91 109 79 82 76 93 87 
66 77 72 82 89 88 87 59 80 86 74 81 70 80 71 70 
66 81 84 91 74 86 81 82 103 93 67 76 92 86 84 76 
86 80 103 79 86 88 86 96 83 74 79 83 79 85 77 99 
68 83 65 91 84 72 89 90 71 72 86 96 92 65 96 88 
98 66 93 73 101 94 85 96 75 105 96 93 92 78 93 81 
78 88 93 79 85 87 88 88 77 102 82 77 103 79 100 84 
80 81 85 76 87 88 87 107 80 106 72 90 99 83 98 71 
88 92 95 89 88 98 88 88 92 71 74 92 81 105 77 84 
72 87 61 95 90 81 82 75 82 85 82 85 82 84 91 79 
79 82 86 90 103 95 72 80 72 90 100 80 75 93 86 106 
71 77 79 86 82 70 95 72 86 84 73 74 81 83 82 93 
89 80 81 81 71 91 90 109 91 83 70 91 98 90 81 77 
82 74 96 73 80 94 76 76 92 75 76 90 71 97 79 86 

87 83 77 73 85 92 75 70 87 65 92 86 92 89 77 78 
82 78 88 81 72 77 85 96 85 76 84 76 93 96 71 87 
74 77 72 76 73 80 86 81 69 87 105 89 83 83 104 85 
85 85 72 85 87 80 77 79 89 84 84 80 79 87 83 91 
85 79 70 86 79 65 79 95 91 100 74 98 95 81 96 72 
86 84 76 53 96 81 81 83 68 81 78 89 87 76 91 74 
86 79 67 92 87 78 94 82 86 88 74 96 84 95 81 82 
84 71 83 79 74 84 84 72 66 95 86 86 76 80 98 78 
91 107 80 72 88 88 101 80 99 89 89 99 78 87 91 80 
88 86 90 77 88 57 80 97 86 81 65 86 80 91 81 63 
74 77 73 83 92 82 103 71 82 74 80 93 71 78 97 87 
87 89 85 79 93 92 76 77 81 73 87 76 84 84 73 98 
93 73 66 86 74 86 84 85 77 90 77 80 92 82 79 70 
77 85 69 85 94 86 90 79 98 90 74 83 74 80 95 96 
89 80 93 72 81 79 84 108 89 91 82 90 92 83 97 95 
94 74 77 74 81 87 104 81 73 69 75 85 72 83 84 83 

85 81 85 82 70 89 94 88 81 96 95 80 79 92 88 83 
68 84 83 92 77 93 87 78 84 68 82 103 103 79 57 87 
92 91 73 76 93 99 91 88 85 79 74 90 78 86 62 74 
89 72 77 71 92 83 94 92 79 87 77 80 80 74 94 70 
87 78 92 94 86 84 94 86 87 93 82 85 74 75 89 93 
79 83 91 60 93 76 99 83 86 100 82 82 76 82 90 83 
85 99 76 93 95 86 92 74 82 81 85 97 87 90 85 85 
101 87 81 84 96 100 97 89 92 79 87 99 84 92 72 95 
79 87 84 68 88 86 97 89 95 84 82 96 87 93 92 95 
88 81 82 103 73 76 75 71 97 79 80 80 73 88 80 73 
95 67 75 71 90 92 92 82 89 91 97 85 78 80 85 87 
81 80 79 62 89 84 81 80 66 77 71 84 82 92 76 76 
86 83 76 84 84 84 88 89 74 82 77 82 94 81 83 68 
68 69 90 68 74 83 88 84 91 77 87 81 84 79 86 88 
77 90 81 99 85 82 94 85 94 86 84 95 83 92 87 68 
81 73 57 56 88 88 93 66 86 90 92 80 70 73 91 85 

107 93 74 88 73 101 95 87 93 79 81 93 84 94 105 70 
105 80 92 81 75 82 74 85 83 74 78 75 70 99 92 78 
84 79 78 98 90 101 74 82 85 75 87 80 81 82 79 91 
81 84 70 76 83 88 79 66 73 82 74 96 90 72 79 94 
78 85 88 84 89 90 85 90 72 84 82 76 67 95 78 90 
86 92 70 77 78 73 90 91 84 82 78 79 74 89 94 88 
92 88 88 84 87 76 73 83 85 89 78 85 73 89 100 91 
80 88 90 84 92 84 88 76 77 88 75 90 86 86 91 83 
99 76 93 75 85 87 76 83 75 80 87 92 95 78 80 83 
77 70 88 79 76 81 73 98 78 85 77 91 82 80 92 80 
94 87 82 80 86 86 87 95 78 86 81 86 88 78 86 84 
83 86 75 73 61 77 76 95 76 87 77 81 89 81 88 67 
88 92 89 87 84 93 101 78 83 83 76 81 78 90 94 73 
91 74 85 72 84 93 73 92 76 85 85 84 91 69 72 88 
65 95 102 91 97 73 94 95 96 94 72 98 77 88 85 73 
73 87 69 99 78 72 93 75 86 84 77 87 79 103 92 80 

71 88 89 77 77 91 88 83 76 84 83 89 81 89 90 85 
93 83 91 85 74 88 85 97 71 74 79 95 87 79 84 78 
96 93 66 69 80 81 74 77 73 74 75 88 87 86 89 69 
85 77 93 89 83 75 76 97 99 78 81 81 79 89 85 81 
78 90 73 85 98 77 84 79 77 111 76 79 87 72 94 61 
88 81 81 86 83 87 93 82 89 90 77 92 79 87 86 77 
90 91 91 88 83 88 90 81 65 70 84 93 86 78 93 86 
81 88 68 71 84 80 74 88 78 77 70 98 86 85 95 72 
87 83 81 72 82 76 76 94 75 82 77 80 88 78 90 77 
83 82 69 88 82 97 86 72 78 98 93 78 76 83 87 79 
95 82 79 90 71 96 87 73 83 68 82 96 77 71 70 74 
91 89 90 89 72 91 84 85 69 83 86 87 84 77 104 85 
104 81 74 84 78 88 67 84 93 66 80 73 86 94 78 85 
83 83 82 71 85 77 71 100 72 79 80 68 102 80 83 94 
78 87 92 96 76 88 88 79 84 93 106 74 96 104 91 109 
86 79 85 79 80 77 78 81 84 77 75 78 74 68 82 89 

82 78 88 79 71 77 84 110 76 95 86 90 98 94 96 73 
89 85 72 85 83 69 74 80 89 81 79 95 69 82 79 85 
74 80 79 86 110 98 68 81 79 87 110 83 92 71 90 87 
86 90 84 78 82 79 83 87 73 78 67 82 79 82 78 70 
83 88 83 91 86 84 90 94 75 96 79 80 103 89 93 78 
92 80 90 83 81 83 84 90 72 89 89 88 84 79 90 79 
89 95 89 75 99 79 66 123 78 92 86 95 104 70 80 80 
76 88 82 80 92 83 74 84 75 85 89 73 95 77 100 89 
98 89 92 80 68 94 97 93 71 73 80 74 80 91 79 84 
73 96 71 78 85 73 82 84 55 85 80 78 105 88 74 91 
83 73 71 74 82 75 77 71 89 84 80 85 72 75 85 75 
94 84 84 76 102 72 69 92 84 95 81 75 79 81 88 87 
73 84 87 79 78 75 81 78 74 85 91 87 84 67 92 86 
89 83 87 94 80 75 81 90 87 71 81 79 73 91 89 92 
77 89 77 81 97 71 81 87 79 96 70 85 98 96 81 82 
83 91 84 78 74 87 94 66 80 80 79 83 84 80 74 72 

83 78 101 71 78 82 82 95 95 112 90 86 86 80 98 77 
84 92 87 84 78 70 80 85 82 68 72 83 67 87 84 78 
96 72 66 64 87 70 79 68 83 91 93 75 76 83 73 89 
86 89 83 91 78 90 80 85 80 80 76 63 89 84 86 86 
71 78 93 62 86 57 82 84 77 77 72 89 82 74 77 85 
93 93 95 78 75 83 86 91 74 76 88 63 79 73 78 84 
97 84 97 81 88 80 88 87 77 84 73 94 77 76 85 81 
95 76 83 85 97 64 79 79 96 102 73 84 79 80 92 66 
101 103 87 86 102 81 81 92 76 91 77 78 83 84 97 82 
86 76 88 73 82 73 97 99 85 90 86 108 83 87 73 100 
106 92 106 87 91 85 82 89 55 107 91 82 85 77 89 81 
83 90 82 71 93 95 78 82 90 93 71 92 67 87 73 79 
84 71 81 86 87 81 88 92 79 92 70 96 86 70 82 78 
85 97 84 90 85 75 86 92 84 87 77 83 79 83 89 76 
80 57 91 80 84 75 75 91 87 105 78 80 80 67 96 87 
98 91 88 85 78 83 86 86 63 97 88 81 84 87 92 79 

79 70 75 96 85 86 76 75 80 79 70 90 80 87 96 83 
82 73 57 77 58 84 94 81 83 72 74 85 87 89 80 84 
79 85 78 69 81 75 89 92 80 85 83 97 78 77 82 97 
74 86 70 77 74 78 76 76 80 77 90 72 82 68 86 93 
81 93 88 68 71 90 91 92 85 81 79 93 103 100 89 85 
94 74 87 88 90 78 75 69 84 85 79 72 70 85 87 69 
92 76 74 92 82 85 77 93 84 85 101 82 94 88 105 101 
82 100 101 86 85 63 96 99 81 90 75 108 92 77 84 89 
87 93 68 83 88 91 90 87 83 95 80 79 89 85 99 75 
92 91 78 86 83 95 92 79 83 103 87 93 95 86 106 82 
81 85 81 91 80 88 85 82 90 76 64 91 77 73 84 78 
79 93 61 91 78 90 96 82 86 79 102 91 94 81 100 84 
94 95 91 84 83 71 96 92 79 85 72 86 74 79 76 72 
76 83 67 89 72 85 85 84 90 68 81 80 99 78 84 78 
92 95 92 92 99 86 93 77 80 108 83 79 92 79 91 83 
66 73 77 100 81 80 68 74 94 86 64 81 84 77 96 80 

78 87 90 90 74 83 99 85 86 81 80 95 90 78 86 69 
94 90 78 73 99 93 85 90 83 99 79 75 88 93 95 82 
94 83 84 90 90 81 77 91 86 75 76 65 79 87 90 83 
102 83 85 94 66 83 87 87 87 85 90 92 75 73 82 94 
94 83 86 85 97 95 98 74 76 107 86 99 76 82 91 84 
86 87 76 96 74 79 113 79 88 80 82 97 75 81 91 73 
101 91 92 72 95 83 93 88 89 85 84 93 76 94 86 85 
87 77 85 95 91 81 98 76 89 85 72 82 75 86 89 79 
98 95 74 85 87 66 83 77 85 98 75 78 86 69 84 85 
79 95 83 91 94 89 92 75 89 81 89 91 83 84 94 88 
72 84 80 99 72 85 86 87 75 82 93 76 85 79 88 77 
91 90 78 89 89 96 87 81 96 81 87 95 89 86 95 81 
81 70 63 100 92 94 84 77 96 74 79 82 78 87 78 78 
94 85 80 99 87 86 76 77 95 108 78 79 80 94 86 90 
79 99 81 104 85 91 99 70 80 74 82 89 72 94 87 97 
76 91 86 88 77 90 102 93 59 85 88 94 85 84 90 89 

65 93 96 89 88 84 88 89 79 85 93 98 89 79 105 77 
97 94 77 64 92 81 93 80 77 71 81 88 78 75 66 75 
86 86 70 81 82 69 86 80 86 78 72 83 90 96 87 69 
92 71 93 83 81 98 78 83 89 77 100 69 97 77 76 112 
86 73 82 79 89 76 97 76 84 80 68 98 76 91 82 90 
67 104 103 84 84 73 92 85 74 87 103 93 85 73 88 83 
90 84 83 68 95 76 99 85 77 81 83 93 65 98 83 73 
97 78 83 94 85 87 73 93 87 82 84 86 99 86 85 72 
95 69 78 74 94 93 80 68 86 85 85 75 90 77 81 104 
95 63 83 88 89 84 77 82 84 89 89 84 85 97 76 99 
85 96 88 88 74 75 103 81 78 82 96 99 88 83 74 75 
92 82 88 71 111 90 80 90 81 93 87 91 75 101 110 76 
80 86 89 80 93 89 76 87 81 93 86 83 81 64 95 79 
88 84 89 88 88 95 107 90 81 85 80 89 101 83 98 86 
79 81 83 95 77 80 76 98 70 87 84 82 89 81 79 83 
77 104 81 96 93 77 103 94 94 89 90 83 81 93 84 93 

84 99 81 82 89 84 101 82 97 85 71 76 81 82 86 83 
88 87 89 74 75 70 87 85 71 86 67 91 75 96 100 62 
86 83 77 81 90 79 86 70 85 87 74 74 74 81 76 83 
66 77 70 76 73 66 64 80 88 86 70 89 78 73 89 64 
78 75 84 76 80 67 88 76 71 68 85 85 76 88 88 99 
79 80 76 76 72 82 90 83 88 74 88 70 90 79 85 88 
88 81 91 67 90 72 82 77 71 93 74 95 86 80 85 63 
77 80 69 82 99 71 87 66 100 89 82 85 82 89 102 87 
80 87 87 77 80 80 75 93 85 81 80 90 83 76 79 77 
90 82 95 61 76 78 94 81 69 73 92 82 89 77 98 87 
91 94 85 76 75 81 91 80 79 85 88 85 69 83 102 69 
79 78 86 82 94 76 86 67 83 80 79 89 89 86 91 72 
90 74 87 80 101 77 88 68 97 82 66 94 82 87 82 94 
87 92 84 72 80 79 77 111 85 92 82 84 82 81 76 85 
89 80 104 87 86 71 83 78 85 87 80 87 74 85 104 82 
77 78 86 73 86 90 80 78 73 95 90 94 75 89 87 72 

81 83 87 98 76 96 91 92 85 87 86 93 83 84 82 85 
91 86 68 86 71 100 73 88 96 77 85 80 106 96 86 90 
77 91 82 79 91 73 81 99 75 93 88 86 74 71 92 93 
84 85 69 84 77 78 80 88 79 67 90 88 71 84 86 90 
94 79 95 78 88 95 85 81 87 85 93 75 98 97 77 90 
86 70 86 91 71 81 78 70 90 105 77 88 76 86 86 85 
105 97 94 84 90 100 100 80 92 75 88 84 92 101 90 89 
80 88 80 92 99 85 78 105 75 79 85 77 89 80 81 86 
104 87 80 91 92 77 89 107 88 75 78 80 89 69 96 86 
91 85 91 77 83 102 89 82 79 64 89 79 86 75 83 103 
79 84 75 82 66 73 83 66 78 91 87 76 87 87 84 82 
84 76 82 90 88 97 87 69 84 73 91 72 84 85 78 75 
74 95 75 108 74 70 80 78 87 68 86 89 81 72 79 92 
106 90 91 88 83 80 92 98 82 69 76 76 87 68 97 78 
82 89 77 86 95 92 81 70 87 81 79 74 87 80 82 73 
90 83 91 79 86 87 77 81 89 88 72 74 92 85 95 63 

78 90 73 94 83 71 80 93 89 96 85 90 80 82 81 76 
90 93 80 84 74 83 87 83 87 71 81 85 74 68 84 86 
95 77 91 94 78 91 75 97 64 77 91 86 93 76 90 75 
73 80 76 81 85 94 84 74 84 90 89 77 82 73 102 89 
80 95 92 82 96 101 80 91 96 89 86 78 105 84 97 68 
86 93 71 80 82 73 82 82 84 92 84 81 97 75 91 75 
86 93 75 88 98 91 96 88 81 85 85 86 101 72 100 84 
77 81 94 97 82 72 92 86 69 74 92 115 83 76 87 86 
90 79 86 105 85 87 87 84 87 86 100 86 85 74 91 99 
85 91 76 77 83 84 78 68 103 95 79 82 92 104 105 73 
94 83 80 85 79 91 76 90 101 91 91 79 86 86 97 66 
73 87 84 81 93 76 76 96 86 74 89 78 94 78 86 82 
84 88 96 91 70 82 100 93 72 75 87 112 84 81 80 72 
114 83 91 87 86 89 79 82 91 82 102 78 72 73 90 97 
71 93 78 75 95 94 92 72 95 81 81 102 90 90 89 79 
103 88 88 81 67 97 91 93 94 83 96 82 97 78 94 77 

96 82 77 82 97 93 78 84 93 80 100 85 84 87 86 91 
99 79 90 73 85 103 72 85 83 83 73 87 95 80 82 61 
77 92 86 84 79 77 86 91 73 69 78 76 88 68 74 100 
87 68 83 85 75 92 73 89 78 103 84 65 69 82 105 83 
88 81 81 91 69 87 77 88 70 93 81 74 78 79 98 91 
109 86 70 79 75 96 93 93 91 69 90 98 95 75 84 85 
91 92 66 65 91 107 79 94 70 83 76 89 98 74 92 68 
90 92 90 82 78 85 82 95 83 67 91 82 98 73 76 87 
86 82 86 90 77 82 90 85 88 92 82 81 64 86 95 95 
76 86 83 95 69 79 81 94 85 90 69 66 81 75 79 82 
96 81 75 81 91 84 94 82 98 78 84 90 84 68 87 77 
81 80 62 69 110 86 83 90 70 89 63 94 91 77 99 58 
86 97 78 92 94 77 89 89 94 74 99 75 91 75 82 77 
89 71 85 80 75 79 81 83 79 94 83 75 72 101 94 85 
94 98 85 86 72 94 96 86 94 99 79 76 88 81 101 87 
79 72 74 65 75 80 80 87 82 61 83 101 80 78 85 93 

87 97 87 86 82 88 96 91 83 84 90 82 82 105 84 86 
66 92 77 83 90 70 89 93 78 91 75 91 82 88 77 95 
90 102 80 112 88 74 88 83 99 89 86 82 69 103 78 92 
71 87 84 62 85 80 88 89 89 97 72 93 93 84 89 79 
93 85 89 83 75 86 78 93 99 85 73 84 87 84 83 99 
70 74 79 70 85 64 93 85 78 89 79 79 93 80 99 89 
76 96 83 70 87 84 97 81 65 85 83 96 78 84 86 94 
88 80 81 93 106 84 81 87 85 94 87 75 73 82 96 85 
93 76 72 72 88 83 75 75 88 94 69 93 93 91 90 85 
79 107 85 86 68 81 86 91 93 92 79 80 86 77 85 84 
87 74 77 80 74 76 97 73 75 74 87 97 69 83 85 102 
74 72 72 88 87 89 75 81 84 96 87 83 79 80 80 73 
94 109 77 79 99 88 90 80 80 94 83 76 71 93 87 90 
98 86 74 75 64 92 89 95 85 71 87 92 97 69 79 79 
65 95 92 95 72 71 84 87 94 92 68 92 82 85 94 89 
78 74 85 77 88 78 93 79 83 81 85 80 76 68 96 85 

86 86 90 70 87 88 87 89 90 92 99 80 83 87 77 89 
84 95 70 83 75 94 92 86 84 73 79 99 86 72 90 76 
93 68 88 67 83 87 72 83 92 99 98 80 100 84 93 87 
89 62 80 93 82 81 79 79 82 95 82 72 81 79 96 82 
80 93 90 89 83 78 98 100 79 91 92 92 80 76 78 91 
86 86 91 91 92 78 89 89 99 95 69 74 93 96 94 83 
99 84 91 67 79 95 89 92 84 85 83 88 95 86 90 82 
104 69 90 71 83 100 81 82 74 90 93 87 82 70 99 83 
91 78 96 75 90 66 88 90 78 91 87 81 95 78 92 87 
87 84 103 72 70 73 93 112 77 76 80 88 89 74 84 88 
100 79 97 92 95 72 87 92 95 93 88 80 104 77 85 96 
90 71 65 75 100 87 99 75 88 96 84 78 84 92 85 89 
91 86 98 69 83 101 86 90 80 77 102 74 77 80 88 85 
81 73 87 68 87 77 77 84 90 91 77 83 84 76 92 66 
77 98 93 88 96 75 96 103 96 83 66 85 80 90 89 77 
96 75 88 82 85 78 98 86 70 86 85 93 94 80 93 87 

97 84 69 82 84 87 93 86 84 79 86 117 94 90 88 81 
70 77 68 72 86 82 77 83 76 81 73 89 89 68 103 80 
79 69 90 77 76 75 74 91 75 85 80 92 90 93 105 86 
69 80 79 72 80 83 93 103 79 70 78 85 95 93 93 75 
96 83 82 87 109 83 83 71 80 112 86 84 92 89 115 85 
91 79 82 95 74 80 86 81 100 87 86 82 68 87 98 82 
86 87 91 85 80 87 97 102 69 79 78 92 106 70 92 66 
87 85 77 64 98 82 85 84 71 98 76 77 83 85 102 85 
89 90 83 90 88 103 86 98 79 83 90 91 104 75 95 85 
88 87 76 94 98 74 97 75 90 91 87 89 86 79 112 93 
89 88 85 96 69 88 93 88 76 71 90 94 84 78 95 84 
88 73 85 87 102 77 99 90 97 88 89 100 78 80 88 79 
96 86 75 81 99 81 81 63 87 115 64 64 69 94 114 86 
79 79 89 82 90 103 86 81 95 73 93 71 91 102 84 88 
78 81 87 95 101 66 88 88 87 75 89 92 101 78 78 99 
86 78 82 72 83 85 87 95 88 84 103 79 77 65 88 102 

90 71 82 69 90 92 87 85 80 90 90 92 82 95 94 84 
83 101 81 75 77 84 98 90 71 72 101 95 72 65 76 79 
73 75 83 71 93 80 82 84 78 95 88 83 84 87 95 89 
101 85 75 82 92 88 81 93 84 90 63 81 82 86 90 65 
98 78 86 83 78 90 88 79 107 84 86 113 69 89 84 88 
90 72 89 73 80 90 76 79 84 93 90 81 78 90 79 88 
78 86 77 87 90 77 98 98 78 87 85 98 74 82 92 78 
80 80 78 71 70 77 79 80 67 76 71 99 93 82 91 71 
103 94 85 82 99 82 87 90 85 97 73 78 82 95 87 79 
80 76 81 73 96 73 77 74 60 85 74 99 76 59 74 77 
98 76 81 90 97 80 93 74 98 101 77 96 81 83 90 85 
78 75 85 80 91 75 83 91 75 87 74 75 65 70 99 74 
81 89 73 64 91 80 80 87 76 88 93 72 94 94 94 88 
95 98 77 77 78 68 80 94 78 83 64 78 89 87 77 62 
75 91 83 104 74 74 93 88 79 77 77 109 86 84 87 83 
86 80 66 84 85 78 78 67 79 96 87 83 89 76 86 65 

74 80 80 80 97 95 76 85 72 87 90 112 91 76 89 84 
67 81 84 91 78 74 83 90 85 61 77 89 88 78 80 79 
79 96 82 71 83 87 79 77 72 80 60 81 70 93 78 78 
93 88 74 83 82 78 101 68 94 106 90 74 78 90 100 72 
87 74 89 95 76 70 82 88 82 93 79 65 71 81 94 78 
80 79 70 76 92 84 93 70 80 83 98 99 76 73 85 87 
108 85 72 81 93 100 81 66 82 78 87 92 85 78 80 80 
77 83 72 73 80 78 79 69 88 82 68 75 91 90 90 81 
82 71 90 84 79 70 89 90 94 87 74 80 76 91 87 85 
91 79 80 86 67 78 92 84 86 84 90 84 66 77 87 84 
74 80 82 75 74 88 73 84 72 75 99 79 77 87 79 79 
95 77 74 80 79 97 84 74 89 76 95 88 89 86 85 83 
80 77 59 83 71 82 75 56 77 75 72 100 87 84 69 91 
79 70 73 86 78 73 88 88 95 81 76 86 87 78 85 79 
82 65 72 75 83 81 77 90 86 92 79 88 80 97 95 64 
65 95 93 71 76 76 84 97 75 82 80 84 70 78 83 68 

86 106 85 65 80 65 82 80 79 90 67 100 89 85 99 66 
96 83 79 86 82 90 96 94 71 85 83 91 88 83 91 92 
82 82 80 79 93 79 81 86 76 91 76 81 87 73 103 77 
85 91 78 97 75 84 79 82 89 81 87 86 81 85 73 88 
89 68 90 91 96 90 80 89 85 92 79 100 75 72 88 69 
88 93 91 80 67 96 71 85 81 73 99 97 87 78 78 90 
86 68 95 80 89 86 92 98 77 104 69 80 80 87 97 80 
78 78 72 77 88 90 77 87 72 94 77 91 96 73 103 69 
99 102 80 83 74 78 94 79 84 76 78 102 86 80 79 79 
90 72 96 74 89 94 70 95 79 104 81 83 88 74 100 74 
72 108 97 63 94 82 85 85 78 104 91 97 79 84 93 98 
88 65 78 89 80 91 86 94 88 79 89 72 87 89 80 95 
76 77 69 86 94 83 88 82 83 81 87 87 89 96 85 76 
85 91 90 86 68 79 95 96 71 81 82 77 89 68 91 90 
73 83 87 100 94 82 82 65 94 81 66 83 69 82 89 80 
88 84 77 81 74 88 75 85 99 87 66 71 93 100 85 82 

93 86 85 94 93 76 99 81 93 103 82 75 73 91 95 71 
72 82 82 83 74 81 74 72 89 69 74 61 90 104 85 87 
81 85 90 72 84 78 90 93 85 84 93 96 86 78 68 87 
81 61 87 85 65 80 76 98 96 58 88 74 91 76 82 80 
95 82 76 93 92 78 93 64 92 88 79 79 67 76 88 73 
88 82 84 82 92 86 83 87 73 96 96 78 72 85 106 92 
95 80 77 76 85 84 80 79 92 73 76 69 94 91 85 78 
80 90 72 69 83 76 96 77 88 79 70 111 75 96 63 97 
91 73 75 93 62 84 90 82 97 77 102 84 76 74 83 91 
86 76 81 71 93 84 85 68 72 85 77 83 63 81 79 84 
85 96 76 93 84 82 104 84 92 81 72 93 72 103 90 85 
97 85 81 86 75 83 80 80 77 92 65 84 83 99 79 83 
78 86 82 79 77 72 80 73 80 91 60 102 69 87 82 89 
96 81 80 85 66 80 80 92 76 76 94 93 77 74 89 87 
89 90 77 81 87 91 95 79 72 87 90 89 73 82 87 84 
77 80 90 96 83 88 88 80 88 85 63 71 84 94 101 80 

74 92 81 82 92 85 94 79 105 100 74 80 80 85 102 74 
100 81 78 96 86 96 86 87 85 82 89 79 76 78 88 90 
87 100 78 83 77 89 89 74 91 76 102 91 75 81 81 77 
99 86 87 88 75 84 89 98 82 79 89 86 90 81 70 82 
99 92 77 97 85 78 97 84 85 90 84 78 99 80 91 80 
79 93 91 77 88 86 87 80 90 87 85 78 78 81 78 84 
86 85 107 95 75 67 79 93 102 88 77 86 75 89 99 84 
106 88 70 99 77 96 88 77 85 83 93 86 72 76 85 88 
102 102 74 74 88 92 84 88 88 83 80 84 85 83 76 83 
93 84 82 90 90 83 82 90 78 85 68 78 84 90 90 73 
78 94 90 81 91 101 99 92 87 87 97 82 87 82 84 93 
89 91 85 92 91 86 93 74 85 85 79 88 75 85 102 86 
90 82 82 91 97 82 85 95 84 91 84 75 104 89 104 92 
81 88 93 78 90 85 92 95 85 73 81 91 98 76 80 71 
90 85 78 100 87 89 84 83 92 82 95 91 82 85 106 94 
72 90 93 84 96 92 80 79 93 88 94 68 81 82 76 85 

85 82 92 95 92 89 83 82 87 75 84 98 84 93 76 82 
82 77 81 88 71 77 80 76 79 83 69 73 75 88 96 68 
77 82 86 77 86 77 90 81 75 96 72 85 85 84 81 98 
73 82 74 79 103 86 84 85 73 89 83 92 81 65 85 73 
86 89 74 67 87 99 82 82 83 99 92 90 84 93 82 106 
96 96 79 89 75 83 99 93 76 86 84 93 82 92 81 75 
77 89 84 108 87 72 94 89 96 85 83 93 81 98 88 85 
90 72 87 78 91 87 82 72 78 99 72 97 76 89 85 98 
103 71 85 80 93 110 87 89 79 98 85 104 96 83 100 94 
93 90 82 89 91 95 92 81 84 90 80 95 62 79 96 88 
88 84 86 91 94 91 90 113 85 94 94 93 78 92 78 90 
82 87 74 106 92 97 88 57 99 85 81 81 77 99 88 80 
91 88 94 71 58 84 89 76 83 66 71 92 78 96 73 72 
85 75 83 89 83 97 86 96 81 82 84 84 105 77 93 87 
86 68 82 88 77 100 68 79 92 80 83 82 78 78 85 94 
96 79 78 91 82 94 85 100 95 87 95 91 67 76 92 82 

82 75 112 83 93 79 75 90 86 90 82 81 85 78 80 90 
93 69 80 90 94 84 75 88 76 85 87 89 76 84 92 80 
89 72 82 65 93 89 82 72 64 91 74 81 72 82 83 79 
87 93 66 84 81 76 89 76 83 81 83 82 73 83 96 85 
66 73 71 77 77 83 90 89 75 67 83 94 86 71 68 78 
79 84 90 83 84 75 73 83 88 93 85 65 83 85 90 79 
95 72 81 91 84 80 95 83 68 89 80 88 79 74 82 76 
97 88 83 67 79 97 87 83 70 90 81 96 87 65 77 85 
110 82 78 83 85 91 74 82 103 85 91 73 83 87 100 103 
66 87 82 87 87 64 85 85 87 79 65 95 76 91 87 57 
94 95 110 78 88 84 83 90 69 82 98 75 90 77 79 100 
107 61 86 90 73 90 96 80 80 81 84 82 85 74 72 78 
97 74 84 71 90 84 73 84 77 83 72 82 96 78 77 64 
94 92 78 64 86 91 87 88 89 73 93 83 86 70 86 99 
68 71 90 77 90 85 79 84 73 80 95 93 76 68 83 73 
85 80 97 95 100 85 81 85 82 97 86 56 87 92 90 97 

96 71 95 80 82 87 84 103 87 80 87 72 76 85 92 87 
75 71 74 80 92 85 68 78 77 94 78 69 86 84 91 79 
88 67 77 77 79 82 75 75 83 75 77 90 83 71 77 77 
101 82 92 55 69 102 89 95 86 79 93 99 76 71 71 81 
98 75 81 76 81 70 78 89 81 92 75 73 74 81 89 82 
80 67 94 84 89 75 77 100 73 96 71 75 82 72 105 71 
82 74 87 73 95 93 69 82 82 88 88 82 73 92 83 86 
89 82 75 63 73 71 83 76 68 82 75 94 76 72 77 73 
109 87 88 63 82 88 75 89 87 77 86 93 74 86 71 88 
87 83 86 72 74 75 81 93 86 66 76 83 78 85 82 75 
90 75 106 86 93 86 80 81 89 78 82 80 79 87 98 77 
95 75 74 75 96 97 63 77 85 103 94 70 76 87 99 81 
89 97 91 87 78 66 94 89 80 76 71 92 81 87 84 72 
70 74 91 73 65 76 84 97 96 70 81 91 81 81 73 86 
101 88 87 72 90 82 70 83 69 80 86 78 73 68 62 83 
86 72 78 74 94 69 92 69 83 85 79 85 74 66 87 74 

84 98 83 91 80 71 100 68 107 87 77 83 75 97 84 82 
73 63 86 78 76 74 84 74 100 85 75 70 67 96 78 81 
85 70 91 89 87 79 89 88 78 76 88 77 91 88 92 79 
80 86 81 73 78 81 91 85 81 67 75 93 84 68 81 80 
82 73 86 75 87 64 88 90 89 87 67 81 78 74 94 80 
95 84 66 64 103 75 83 76 75 100 89 79 96 76 101 86 
87 70 63 73 93 82 78 56 87 95 71 79 57 74 96 73 
83 67 87 80 80 81 104 77 81 84 90 91 62 86 97 76 
95 90 72 80 70 78 85 84 71 70 81 88 97 63 81 68 
96 86 70 75 92 76 88 70 92 98 64 96 76 76 82 78 
76 89 71 82 75 69 85 87 69 91 85 71 79 65 75 73 
86 65 88 82 72 71 84 76 86 76 72 93 71 75 91 62 
95 74 68 104 84 84 98 72 94 89 73 89 68 88 100 73 
93 80 72 70 80 66 86 82 72 82 75 88 97 65 87 69 
82 100 91 74 82 86 92 84 90 77 83 99 89 87 71 91 
78 87 81 74 73 84 97 78 76 78 80 87 75 77 84 71 

91 74 77 85 89 75 89 85 74 81 82 86 75 77 64 82 
89 62 65 74 75 75 69 63 76 76 69 75 66 75 80 75 
61 66 88 81 91 77 80 84 81 91 59 83 91 77 76 62 
73 73 72 78 62 84 70 64 83 80 82 73 67 65 64 75 
87 94 82 63 100 81 91 85 72 79 73 87 69 98 92 84 
77 80 71 71 73 64 86 76 65 76 86 86 77 60 73 80 
78 84 75 83 89 78 97 72 86 95 80 91 85 73 92 93 
68 79 86 84 90 78 86 74 92 76 72 81 85 87 75 75 
86 81 73 78 64 73 83 84 89 69 93 96 88 81 82 79 
91 97 99 76 93 79 97 88 75 85 79 79 71 89 89 74 
76 87 65 94 58 64 83 68 88 71 87 90 89 87 73 75 
84 84 58 89 87 82 75 74 90 92 80 78 73 71 96 75 
71 91 70 78 91 96 91 54 84 78 80 80 67 89 83 93 
83 82 66 88 55 86 76 75 84 65 95 90 88 71 86 79 
90 94 87 77 86 85 86 88 71 76 88 92 74 89 87 97 
64 93 76 91 66 80 86 89 91 65 90 79 89 84 96 68 

89 77 79 85 67 85 97 77 83 70 87 96 80 102 87 106 
91 66 95 84 67 66 94 71 94 74 48 83 59 77 64 66 
73 81 85 76 87 66 84 73 73 94 77 105 97 75 87 93 
94 83 76 69 90 72 82 59 70 70 92 91 75 84 85 86 
94 76 77 76 96 92 74 85 89 74 91 88 77 111 80 82 
83 75 81 80 83 78 87 81 85 73 76 79 103 89 95 83 
100 79 82 82 81 74 100 81 90 100 83 86 77 85 88 79 
78 76 70 86 78 67 79 79 89 79 79 83 80 80 92 91 
90 77 65 75 82 78 86 64 76 76 83 106 86 78 75 80 
70 97 90 85 68 81 74 80 84 78 86 85 82 92 84 95 
84 64 75 72 66 74 82 81 72 74 67 78 78 86 79 73 
97 78 61 81 97 77 85 67 89 100 88 94 79 94 98 76 
72 72 71 75 86 72 72 78 84 85 80 68 71 71 79 88 
77 68 70 77 73 72 96 69 81 70 82 87 79 85 91 79 
95 84 95 84 80 91 88 71 93 70 88 85 68 89 84 79 
80 75 85 65 70 70 88 90 80 77 71 81 98 74 70 63 

77 74 87 79 77 77 71 86 79 82 82 95 78 67 78 73 
76 84 86 85 96 69 91 78 75 79 84 86 85 69 70 76 
78 89 64 73 80 75 88 75 74 75 74 87 79 70 72 64 
84 69 79 69 86 72 72 65 79 85 78 62 63 92 84 78 
91 82 84 83 87 74 72 69 104 81 76 80 80 76 84 78 
77 66 79 70 75 69 75 83 66 67 78 86 66 72 74 79 
96 91 83 73 87 82 110 66 74 75 99 95 67 83 68 88 
80 75 83 62 72 79 87 82 71 85 84 75 64 69 80 84 
84 80 79 78 72 64 79 85 83 80 64 67 64 97 79 56 
89 79 93 84 91 70 71 74 102 76 64 94 83 78 71 58 
75 67 72 67 78 73 62 84 62 77 71 82 73 63 79 69 
78 76 77 77 91 76 100 60 73 74 83 89 75 85 71 80 
79 83 80 73 66 80 84 85 73 78 66 65 74 74 74 68 
69 82 75 80 76 63 74 78 87 85 74 78 70 103 84 68 
86 83 75 83 98 84 79 77 90 82 82 90 65 67 70 80 
74 88 64 78 76 78 80 76 61 78 73 97 64 70 78 69 

86 77 70 83 89 84 93 74 84 88 74 73 75 74 73 89 
71 82 72 55 59 87 74 76 84 79 89 72 73 76 80 73 
67 70 76 74 81 70 69 66 82 72 79 86 65 69 73 76 
73 66 83 84 87 70 74 79 69 81 87 86 72 66 78 74 
84 85 80 65 76 62 72 77 76 75 71 79 86 87 91 76 
82 83 86 76 84 72 96 81 77 89 70 72 85 76 70 82 
80 78 67 75 68 83 76 63 81 90 88 73 81 68 89 83 
86 65 75 70 83 79 66 87 77 59 81 69 72 68 70 63 
72 67 76 74 66 67 70 94 75 77 79 83 89 65 75 81 
87 78 85 70 76 68 72 62 84 77 74 81 76 83 88 63 
80 75 72 80 66 71 94 66 74 82 73 81 81 81 87 75 
81 86 78 93 72 73 93 82 85 99 77 83 80 82 86 82 
73 69 69 83 80 69 69 80 91 48 81 67 82 88 78 57 
93 67 75 83 77 100 72 77 85 82 91 88 81 80 74 101 
88 73 70 74 80 82 75 76 79 88 88 83 89 69 81 79 
66 71 59 68 76 66 82 70 67 79 67 80 95 77 89 69 

81 69 75 67 82 81 70 81 73 80 76 73 71 85 61 78 
86 85 71 70 66 76 75 81 64 74 68 81 80 64 76 72 
72 73 73 76 69 81 72 76 65 70 72 70 62 69 85 74 
75 64 76 76 69 77 63 80 80 86 69 63 62 74 64 80 
75 76 74 92 68 82 80 79 74 65 70 72 76 70 69 62 
85 74 61 58 76 70 68 62 60 79 69 67 65 67 79 78 
79 85 69 84 66 84 73 81 76 72 78 69 83 68 79 80 
70 78 76 67 74 65 73 70 68 70 69 68 70 72 79 65 
92 75 78 80 71 79 68 67 66 80 79 73 76 75 69 78 
78 62 74 80 71 83 76 84 79 71 79 84 71 76 76 64 
79 65 72 67 83 58 61 62 72 74 73 81 67 60 70 76 
70 72 59 81 83 77 73 70 74 78 84 82 83 77 72 84 
76 66 75 57 59 71 68 68 65 60 72 62 69 74 75 61 
94 70 71 78 60 72 77 51 70 60 82 82 62 81 68 62 
66 54 67 90 66 62 59 76 73 65 67 61 67 79 70 68 
82 61 81 61 82 62 62 63 68 65 49 68 76 58 77 58 

72 62 72 61 63 74 66 65 64 72 59 66 71 73 73 61 
67 61 64 74 72 63 75 65 87 73 65 75 67 67 75 64 
57 65 61 78 54 76 61 73 66 72 64 67 55 59 66 76 
77 67 67 53 71 66 71 54 65 70 72 73 60 66 68 61 
63 86 60 82 62 46 73 94 61 72 54 71 64 56 66 53 
77 57 70 64 71 66 53 61 57 73 62 78 68 62 75 72 
78 73 63 68 69 83 79 49 77 66 81 73 70 65 57 74 
60 62 70 70 66 59 55 83 58 85 53 61 63 70 71 60 
76 74 68 60 71 50 72 55 77 62 55 74 63 72 70 65 
66 69 51 71 59 73 62 79 58 58 67 74 60 56 60 63 
78 57 61 63 74 71 65 51 62 74 58 76 54 66 69 65 
71 59 55 53 70 64 58 52 60 68 74 65 68 65 67 75 
64 71 78 61 67 65 73 84 49 66 58 68 72 65 63 62 
67 74 73 58 54 47 67 60 73 57 56 53 76 78 67 62 
62 71 59 79 55 65 68 70 72 68 56 79 57 66 68 54 
78 81 55 77 71 64 78 62 81 70 76 71 68 70 69 55 

56 67 61 69 68 54 67 46 65 69 51 73 53 63 70 51 
53 63 53 60 70 65 62 62 47 65 67 59 75 69 55 69 
62 60 77 61 76 65 66 67 58 63 70 53 56 60 77 70 
54 58 63 66 57 51 54 54 55 62 69 49 50 64 69 72 
83 61 66 70 75 62 60 74 76 59 61 66 83 72 65 58 
54 86 65 56 61 56 71 51 68 65 52 77 51 52 76 60 
71 79 55 58 64 78 76 63 56 71 75 73 67 63 74 69 
71 57 70 67 78 63 68 60 68 71 61 57 67 60 68 57 
83 63 53 76 62 67 69 62 66 64 76 65 61 68 66 63 
74 62 64 63 70 61 68 72 67 61 63 67 68 57 61 64 
61 67 93 61 69 62 59 79 72 73 63 63 61 71 78 73 
79 64 54 69 44 69 69 66 70 61 75 70 63 67 58 63 
72 56 74 59 73 66 70 74 68 69 63 70 73 76 66 54 
60 55 57 60 59 71 60 67 62 60 76 61 67 66 57 59 
76 57 69 56 72 77 70 72 72 66 75 63 71 54 76 67 
51 73 75 51 53 62 69 58 63 63 68 79 56 53 66 71 

78 56 55 56 62 66 55 58 69 52 61 71 63 62 60 41 
68 61 54 55 60 62 67 56 65 61 58 62 55 67 63 61 
65 68 62 55 47 63 67 50 59 63 47 56 57 56 56 60 
62 52 64 69 52 66 66 59 59 56 69 79 55 53 78 57 
68 40 63 52 67 59 51 71 61 71 47 56 60 62 83 59 
68 57 53 46 60 65 60 60 68 57 71 72 79 55 57 46 
73 63 55 45 56 66 72 54 65 59 54 74 52 73 71 64 
60 49 48 65 61 55 59 51 72 73 67 58 59 60 75 65 
60 58 56 71 62 57 66 52 66 53 55 73 66 60 73 53 
72 45 57 59 60 63 60 58 65 61 54 72 63 69 66 63 
63 68 53 57 61 55 61 54 73 60 64 64 63 58 72 55 
66 68 53 35 66 61 73 56 47 68 64 74 54 66 68 68 
59 73 61 60 66 63 79 58 58 65 70 70 60 57 59 52 
55 46 67 72 74 52 70 53 70 54 51 69 61 61 61 54 
68 59 60 72 76 66 68 67 74 65 54 62 43 76 73 63 
60 65 63 53 59 54 70 60 63 48 55 55 61 58 66 55 

60 61 54 50 61 50 68 53 59 40 61 52 46 57 49 49 
57 45 66 38 56 45 62 60 49 47 35 67 51 43 54 52 
49 52 53 58 53 51 57 45 58 49 39 50 63 48 51 49 
57 40 46 52 59 69 68 42 55 51 53 50 32 43 57 56 
50 48 46 51 49 52 54 52 46 51 58 44 44 57 66 55 
53 58 55 52 44 52 68 54 58 36 51 46 55 53 42 45 
63 57 50 48 50 56 53 50 52 46 47 70 48 46 48 54 
41 50 45 47 63 50 37 36 53 56 49 42 53 43 56 48 
50 48 52 57 43 62 52 51 50 45 49 45 50 55 44 62 
44 44 55 53 42 45 48 52 42 41 56 41 58 48 50 53 
53 48 44 48 49 40 54 52 61 55 47 34 41 54 54 47 
60 46 55 44 43 56 48 49 52 43 55 50 43 45 53 49 
45 46 50 49 55 50 46 42 51 44 50 51 51 43 50 42 
58 38 38 58 59 52 48 47 40 51 41 41 54 48 43 56 
61 40 58 52 46 45 48 53 53 50 48 50 59 52 47 46 
54 46 48 33 39 44 56 59 42 52 48 47 43 48 57 49 

45 34 54 44 39 47 44 46 50 43 44 46 43 56 41 48 
49 41 36 52 45 40 42 47 54 42 41 51 48 41 37 44 
53 45 42 44 33 54 43 33 48 39 39 50 39 50 43 51 
42 44 40 39 47 45 31 47 42 48 57 35 34 37 46 60 
42 57 45 45 49 35 56 54 37 42 40 51 47 43 49 46 
35 43 54 29 39 51 45 46 40 40 44 42 43 51 36 42 
58 48 36 52 52 47 51 35 45 56 42 52 43 42 45 46 
51 38 33 45 43 51 42 38 59 46 36 46 41 47 53 44 
47 50 52 47 50 43 35 44 48 44 52 50 38 44 48 53 
46 46 35 37 42 49 46 47 33 34 47 41 43 38 46 48 
37 35 44 31 48 49 53 41 37 38 43 52 43 47 42 42 
40 44 37 47 34 38 52 48 49 54 32 40 45 43 63 39 
48 38 48 49 42 35 44 45 55 38 45 42 48 56 46 48 
47 45 43 47 32 45 44 41 46 33 38 61 37 34 52 35 
43 36 44 50 56 54 37 38 47 48 60 38 42 46 50 54 
39 44 33 47 50 37 46 38 45 63 34 43 38 51 54 34 

41 29 27 38 45 36 41 29 45 42 40 44 31 34 43 39 
36 42 28 30 41 39 34 45 35 36 33 30 41 31 39 37 
34 31 34 21 39 43 37 35 37 38 42 34 36 32 41 34 
28 38 39 31 41 25 43 47 33 34 43 31 44 35 37 34 
41 36 31 32 31 33 42 40 33 18 38 35 38 45 43 31 
54 38 35 37 36 42 43 28 39 37 37 42 32 33 32 32 
31 41 30 38 31 35 34 40 43 40 35 33 38 32 36 36 
35 34 38 28 36 43 38 36 38 35 38 46 32 31 37 35 
42 43 29 35 46 34 49 43 33 38 34 42 38 31 48 27 
38 46 32 33 31 31 42 31 27 27 28 37 34 41 32 32 
31 30 41 41 42 31 36 33 38 48 27 39 37 38 46 27 
37 43 23 48 34 33 34 28 47 31 29 38 28 46 35 32 
39 31 32 35 43 44 28 27 37 45 35 45 40 35 36 38 
37 36 35 35 40 34 49 34 33 34 37 39 34 29 32 29 
38 54 48 37 24 32 57 51 30 30 33 42 44 38 40 32 
37 26 31 35 38 32 38 36 42 38 33 31 34 25 43 31 

34 38 29 37 30 45 31 24 41 32 25 31 34 42 33 24 
23 22 22 29 22 28 36 35 30 25 29 29 27 31 30 36 
25 36 24 32 29 19 33 38 31 31 22 29 33 29 37 26 
32 31 27 27 30 36 21 36 30 29 35 28 28 28 35 35 
35 38 31 25 26 31 37 34 30 31 23 33 30 24 41 29 
30 31 29 30 27 42 30 25 33 24 28 21 33 34 36 30 
27 23 30 30 29 30 38 35 36 31 31 29 31 37 43 25 
32 31 28 35 24 36 33 33 36 24 29 29 33 25 23 29 
33 34 30 28 34 34 33 34 34 32 27 44 29 29 36 29 
35 37 30 24 32 38 34 35 31 35 32 28 29 24 43 29 
36 33 29 27 31 42 37 35 36 41 25 34 32 33 32 30 
22 29 29 18 30 24 39 34 31 26 31 29 31 30 36 33 
34 36 20 32 34 38 39 32 33 35 34 38 28 29 33 35 
26 29 26 30 30 22 34 30 29 28 29 36 30 31 30 29 
30 29 39 42 27 31 31 33 31 29 25 29 35 31 34 27 
45 25 24 27 32 39 33 29 38 29 30 32 25 34 29 30 

25 21 25 26 16 21 30 23 40 15 24 27 26 30 25 19 
25 27 25 31 11 22 27 20 25 19 20 26 33 20 16 17 
22 36 13 22 21 25 28 15 30 30 21 31 23 30 23 26 
20 24 14 29 19 21 28 17 26 27 22 21 21 21 26 15 
20 30 25 32 23 15 22 38 25 24 29 22 21 27 28 26 
25 24 12 23 17 21 27 17 29 22 22 23 19 25 26 17 
25 20 25 31 20 22 23 23 21 24 22 21 21 22 26 15 
22 25 13 27 23 19 20 20 21 27 15 27 22 25 24 17 
28 23 22 24 20 21 27 17 22 23 20 25 19 16 16 18 
17 37 24 24 24 22 23 25 15 26 18 27 20 20 27 15 
24 25 17 24 24 29 17 20 26 22 19 20 21 32 23 16 
24 31 23 33 17 22 25 25 18 25 23 20 21 18 24 17 
18 27 16 24 19 18 16 25 18 28 17 26 26 24 31 16 
21 26 19 26 23 20 20 20 23 24 15 33 22 16 21 21 
15 17 31 20 28 20 18 25 13 18 22 20 18 14 21 22 
13 28 16 23 27 23 21 16 20 27 21 27 27 28 19 21 

10 17 8 12 23 11 15 12 13 14 14 9 14 8 13 15 
14 21 21 15 17 14 20 17 19 13 20 15 17 11 12 15 
11 16 8 21 16 15 18 11 22 12 13 12 8 12 13 11 
18 16 18 20 17 14 22 13 16 15 17 10 19 15 10 15 
18 20 10 18 18 18 22 10 11 21 23 13 8 12 17 17 
23 18 9 16 22 20 13 6 14 19 14 14 13 5 16 20 
18 19 18 21 13 10 12 15 21 16 13 17 21 10 15 18 
16 13 16 16 17 17 17 22 16 18 22 9 14 14 21 17 
29 15 17 12 14 24 17 16 12 11 23 16 22 20 14 16 
13 17 17 19 19 16 27 17 13 20 22 21 21 18 22 16 
20 8 13 15 21 14 14 13 18 18 12 16 12 17 21 19 
16 17 19 20 20 15 10 21 18 23 19 23 26 11 15 23 
14 13 18 18 11 11 20 16 18 20 17 12 11 16 21 15 
19 16 17 11 17 18 14 12 12 14 18 24 18 18 20 9 
19 17 16 19 14 19 20 19 23 16 19 20 20 18 9 15 
20 7 19 18 18 13 12 17 22 17 9 10 17 21 18 15 

8 15 7 7 12 10 15 8 11 13 9 11 7 13 11 10 
8 6 3 6 6 8 10 7 8 9 8 6 7 7 5 7 
6 14 9 11 10 12 10 11 8 9 5 13 7 8 3 11 
12 7 13 10 9 8 5 13 10 5 11 7 10 8 4 8 
12 4 8 10 5 10 4 8 8 9 5 9 6 12 8 5 
15 11 14 8 17 10 14 14 8 13 11 6 11 9 13 12 
9 4 6 7 7 4 9 7 9 11 6 8 7 7 8 7 
12 17 13 7 15 14 20 9 9 11 7 19 8 9 10 12 
13 10 16 6 10 7 5 7 8 10 10 7 7 6 10 10 
9 7 10 11 14 8 9 11 11 10 4 8 10 18 8 3 
11 10 9 7 9 8 10 14 7 4 13 10 6 8 5 12 
9 5 10 8 7 5 8 9 5 15 7 9 9 4 10 8 
12 8 8 7 13 14 14 5 6 11 6 13 7 9 6 7 
11 4 16 8 5 9 3 9 5 8 7 8 8 10 14 9 
15 4 10 8 12 14 8 14 7 10 6 7 10 9 11 6 
8 11 11 7 14 2 10 12 8 5 7 8 10 7 5 16 

8 4 4 3 4 8 5 8 6 4 2 4 7 4 8 4 
7 8 4 5 5 10 6 7 4 8 11 9 4 8 8 8 
6 7 8 3 5 9 4 5 4 5 8 7 6 3 5 6 
8 4 6 9 4 5 4 5 5 12 3 6 7 7 5 6 
8 4 8 7 5 7 4 7 7 5 9 2 9 6 4 8 
11 4 8 6 8 9 3 6 6 7 5 6 7 6 6 5 
6 6 4 4 6 5 4 9 4 4 8 8 10 9 4 13 
7 8 12 3 7 8 5 9 4 7 6 9 4 5 7 9 
6 9 7 5 2 5 7 8 2 9 5 7 3 6 10 10 
9 5 6 5 9 5 5 7 5 8 6 4 9 7 6 8 
9 3 4 5 10 10 4 4 4 10 2 8 7 7 6 4 
3 5 11 5 3 5 4 8 4 4 8 12 8 5 7 9 
4 9 12 3 4 6 8 12 6 5 3 8 4 5 10 4 
4 7 4 5 6 5 5 6 3 11 4 7 7 10 7 5 
7 2 7 7 6 6 2 9 8 7 6 3 12 4 7 4 
8 8 9 3 6 6 3 8 4 10 4 9 10 3 7 4 

3 4 4 6 7 4 6 6 2 7 4 5 4 3 4 6 
1 4 4 3 3 3 3 6 7 5 2 4 2 6 6 3 
4 5 4 1 6 4 2 6 4 5 5 3 3 4 4 6 
5 5 2 1 3 4 3 4 2 5 4 6 5 2 4 5 
4 3 4 3 4 1 6 2 6 5 1 3 3 7 4 2 
1 4 4 4 3 2 6 4 1 6 2 3 3 3 4 2 
5 3 4 5 4 6 8 3 7 6 5 6 0 4 5 3 
1 6 4 2 1 1 2 2 4 0 2 3 0 2 2 3 
3 4 4 5 3 3 3 8 5 2 3 4 6 5 1 5 
6 2 3 5 4 2 3 1 6 2 1 0 3 4 3 1 
2 1 3 4 2 5 3 2 2 4 1 5 0 1 4 1 
3 7 4 6 2 2 8 5 3 1 4 3 3 2 0 4 
2 7 3 3 4 1 3 3 2 4 2 4 2 3 7 3 
4 4 0 5 5 6 0 1 5 4 4 3 1 4 3 7 
5 3 3 7 4 2 3 3 4 3 2 2 4 4 6 3 
3 1 6 5 2 3 4 3 5 1 1 6 7 4 2 0 

3 0 1 2 1 2 1 0 0 2 0 1 0 1 3 1 
2 1 0 2 0 3 3 1 1 1 1 0 1 0 1 0 
1 0 0 0 0 0 2 1 0 0 0 2 1 0 1 0 
0 3 3 1 2 1 1 1 1 1 1 1 0 0 0 1 
0 1 0 1 0 0 0 0 2 1 0 0 0 1 1 1 
3 0 0 3 2 3 0 0 1 1 2 0 0 1 2 2 
2 0 1 2 0 3 2 2 0 2 0 0 0 0 1 1 
2 2 1 3 0 2 1 1 2 0 1 1 1 1 2 1 
2 3 3 2 3 2 1 2 0 3 1 1 2 0 1 0 
0 1 1 2 0 0 1 2 2 1 0 0 1 1 1 1 
3 2 0 2 2 2 3 0 0 0 2 2 1 0 1 2 
1 3 2 0 2 1 3 1 0 2 1 0 0 0 2 2 
0 0 1 0 0 1 0 2 1 0 0 0 3 0 2 1 
2 2 1 1 3 2 2 0 0 0 3 2 2 0 0 1 
1 0 0 1 0 0 0 3 0 1 1 0 1 0 1 1 
1 1 1 2 3 0 1 1 1 2 2 1 2 1 2 3 

0 0 0 0 0 0 0 0 0 0 0 0 0 0 0 0 
0 0 0 0 0 0 0 0 0 0 0 0 0 0 0 0 
0 0 0 0 0 0 0 0 0 0 0 0 0 0 0 0 
0 0 0 0 0 0 0 0 0 0 0 0 0 0 0 0 
0 0 0 0 0 0 0 0 0 0 0 0 0 0 0 0 
0 0 0 0 0 0 0 0 0 0 0 0 0 0 0 0 
0 0 0 0 0 0 0 0 0 0 0 0 0 0 0 0 
0 0 0 0 0 0 0 0 0 0 0 0 0 0 0 0 
0 0 0 0 0 0 0 0 0 0 0 0 0 0 0 0 
0 0 0 0 0 0 0 0 0 0 0 0 0 0 0 0 
0 0 0 0 0 0 0 0 0 0 0 0 0 0 0 0 
0 0 0 0 0 0 0 0 0 0 0 0 0 0 0 0 
0 0 0 0 0 0 0 0 0 0 0 0 0 0 0 0 
0 0 0 0 0 0 0 0 0 0 0 0 0 0 0 0 
0 0 0 0 0 0 0 0 0 0 0 0 0 0 0 0 
0 0 0 0 0 0 0 0 0 0 0 0 0 0 0 0 

0 0 0 0 0 0 0 0 0 0 0 0 0 0 0 0 
0 0 0 0 0 0 0 0 0 0 0 0 0 0 0 0 
0 0 0 0 0 0 0 0 0 0 0 0 0 0 0 0 
0 0 0 0 0 0 0 0 0 0 0 0 0 0 0 0 
0 0 0 0 0 0 0 0 0 0 0 0 0 0 0 0 
0 0 0 0 0 0 0 0 0 0 0 0 0 0 0 0 
0 0 0 0 0 0 0 0 0 0 0 0 0 0 0 0 
0 0 0 0 0 0 0 0 0 0 0 0 0 0 0 0 
0 0 0 0 0 0 0 0 0 0 0 0 0 0 0 0 
0 0 0 0 0 0 0 0 0 0 0 0 0 0 0 0 
0 0 0 0 0 0 0 0 0 0 0 0 0 0 0 0 
0 0 0 0 0 0 0 0 0 0 0 0 0 0 0 0 
0 0 0 0 0 0 0 0 0 0 0 0 0 0 0 0 
0 0 0 0 0 0 0 0 0 0 0 0 0 0 0 0 
0 0 0 0 0 0 0 0 0 0 0 0 0 0 0 0 
0 0 0 0 0 0 0 0 0 0 0 0 0 0 0 0 

0 0 0 0 0 0 0 0 0 0 0 0 0 0 0 0 
0 0 0 0 0 0 0 0 0 0 0 0 0 0 0 0 
0 0 0 0 0 0 0 0 0 0 0 0 0 0 0 0 
0 0 0 0 0 0 0 0 0 0 0 0 0 0 0 0 
0 0 0 0 0 0 0 0 0 0 0 0 0 0 0 0 
0 0 0 0 0 0 0 0 0 0 0 0 0 0 0 0 
0 0 0 0 0 0 0 0 0 0 0 0 0 0 0 0 
0 0 0 0 0 0 0 0 0 0 0 0 0 0 0 0 
0 0 0 0 0 0 0 0 0 0 0 0 0 0 0 0 
0 0 0 0 0 0 0 0 0 0 0 0 0 0 0 0 
0 0 0 0 0 0 0 0 0 0 0 0 0 0 0 0 
0 0 0 0 0 0 0 0 0 0 0 0 0 0 0 0 
0 0 0 0 0 0 0 0 0 0 0 0 0 0 0 0 
0 0 0 0 0 0 0 0 0 0 0 0 0 0 0 0 
0 0 0 0 0 0 0 0 0 0 0 0 0 0 0 0 
0 0 0 0 0 0 0 0 0 0 0 0 0 0 0 0 

0 0 0 0 0 0 0 0 0 0 0 0 0 0 0 0 
0 0 0 0 0 0 0 0 0 0 0 0 0 0 0 0 
0 0 0 0 0 0 0 0 0 0 0 0 0 0 0 0 
0 0 0 0 0 0 0 0 0 0 0 0 0 0 0 0 
0 0 0 0 0 0 0 0 0 0 0 0 0 0 0 0 
0 0 0 0 0 0 0 0 0 0 0 0 0 0 0 0 
0 0 0 0 0 0 0 0 0 0 0 0 0 0 0 0 
0 0 0 0 0 0 0 0 0 0 0 0 0 0 0 0 
0 0 0 0 0 0 0 0 0 0 0 0 0 0 0 0 
0 0 0 0 0 0 0 0 0 0 0 0 0 0 0 0 
0 0 0 0 0 0 0 0 0 0 0 0 0 0 0 0 
0 0 0 0 0 0 0 0 0 0 0 0 0 0 0 0 
0 0 0 0 0 0 0 0 0 0 0 0 0 0 0 0 
0 0 0 0 0 0 0 0 0 0 0 0 0 0 0 0 
0 0 0 0 0 0 0 0 0 0 0 0 0 0 0 0 
0 0 0 0 0 0 0 0 0 0 0 0 0 0 0 0 

0 0 0 0 0 0 0 0 0 0 0 0 0 0 0 0 
0 0 0 0 0 0 0 0 0 0 0 0 0 0 0 0 
0 0 0 0 0 0 0 0 0 0 0 0 0 0 0 0 
0 0 0 0 0 0 0 0 0 0 0 0 0 0 0 0 
0 0 0 0 0 0 0 0 0 0 0 0 0 0 0 0 
0 0 0 0 0 0 0 0 0 0 0 0 0 0 0 0 
0 0 0 0 0 0 0 0 0 0 0 0 0 0 0 0 
0 0 0 0 0 0 0 0 0 0 0 0 0 0 0 0 
0 0 0 0 0 0 0 0 0 0 0 0 0 0 0 0 
0 0 0 0 0 0 0 0 0 0 0 0 0 0 0 0 
0 0 0 0 0 0 0 0 0 0 0 0 0 0 0 0 
0 0 0 0 0 0 0 0 0 0 0 0 0 0 0 0 
0 0 0 0 0 0 0 0 0 0 0 0 0 0 0 0 
0 0 0 0 0 0 0 0 0 0 0 0 0 0 0 0 
0 0 0 0 0 0 0 0 0 0 0 0 0 0 0 0 
0 0 0 0 0 0 0 0 0 0 0 0 0 0 0 0 

0 0 0 0 0 0 0 0 0 0 0 0 0 0 0 0 
0 0 0 0 0 0 0 0 0 0 0 0 0 0 0 0 
0 0 0 0 0 0 0 0 0 0 0 0 0 0 0 0 
0 0 0 0 0 0 0 0 0 0 0 0 0 0 0 0 
0 0 0 0 0 0 0 0 0 0 0 0 0 0 0 0 
0 0 0 0 0 0 0 0 0 0 0 0 0 0 0 0 
0 0 0 0 0 0 0 0 0 0 0 0 0 0 0 0 
0 0 0 0 0 0 0 0 0 0 0 0 0 0 0 0 
0 0 0 0 0 0 0 0 0 0 0 0 0 0 0 0 
0 0 0 0 0 0 0 0 0 0 0 0 0 0 0 0 
0 0 0 0 0 0 0 0 0 0 0 0 0 0 0 0 
0 0 0 0 0 0 0 0 0 0 0 0 0 0 0 0 
0 0 0 0 0 0 0 0 0 0 0 0 0 0 0 0 
0 0 0 0 0 0 0 0 0 0 0 0 0 0 0 0 
0 0 0 0 0 0 0 0 0 0 0 0 0 0 0 0 
0 0 0 0 0 0 0 0 0 0 0 0 0 0 0 0 

0 0 0 0 0 0 0 0 0 0 0 0 0 0 0 0 
0 0 0 0 0 0 0 0 0 0 0 0 0 0 0 0 
0 0 0 0 0 0 0 0 0 0 0 0 0 0 0 0 
0 0 0 0 0 0 0 0 0 0 0 0 0 0 0 0 
0 0 0 0 0 0 0 0 0 0 0 0 0 0 0 0 
0 0 0 0 0 0 0 0 0 0 0 0 0 0 0 0 
0 0 0 0 0 0 0 0 0 0 0 0 0 0 0 0 
0 0 0 0 0 0 0 0 0 0 0 0 0 0 0 0 
0 0 0 0 0 0 0 0 0 0 0 0 0 0 0 0 
0 0 0 0 0 0 0 0 0 0 0 0 0 0 0 0 
0 0 0 0 0 0 0 0 0 0 0 0 0 0 0 0 
0 0 0 0 0 0 0 0 0 0 0 0 0 0 0 0 
0 0 0 0 0 0 0 0 0 0 0 0 0 0 0 0 
0 0 0 0 0 0 0 0 0 0 0 0 0 0 0 0 
0 0 0 0 0 0 0 0 0 0 0 0 0 0 0 0 
0 0 0 0 0 0 0 0 0 0 0 0 0 0 0 0 

0 0 0 0 0 0 0 0 0 0 0 0 0 0 0 0 
0 0 0 0 0 0 0 0 0 0 0 0 0 0 0 0 
0 0 0 0 0 0 0 0 0 0 0 0 0 0 0 0 
0 0 0 0 0 0 0 0 0 0 0 0 0 0 0 0 
0 0 0 0 0 0 0 0 0 0 0 0 0 0 0 0 
0 0 0 0 0 0 0 0 0 0 0 0 0 0 0 0 
0 0 0 0 0 0 0 0 0 0 0 0 0 0 0 0 
0 0 0 0 0 0 0 0 0 0 0 0 0 0 0 0 
0 0 0 0 0 0 0 0 0 0 0 0 0 0 0 0 
0 0 0 0 0 0 0 0 0 0 0 0 0 0 0 0 
0 0 0 0 0 0 0 0 0 0 0 0 0 0 0 0 
0 0 0 0 0 0 0 0 0 0 0 0 0 0 0 0 
0 0 0 0 0 0 0 0 0 0 0 0 0 0 0 0 
0 0 0 0 0 0 0 0 0 0 0 0 0 0 0 0 
0 0 0 0 0 0 0 0 0 0 0 0 0 0 0 0 
0 0 0 0 0 0 0 0 0 0 0 0 0 0 0 0 

0 0 0 0 0 0 0 0 0 0 0 0 0 0 0 0 
0 0 0 0 0 0 0 0 0 0 0 0 0 0 0 0 
0 0 0 0 0 0 0 0 0 0 0 0 0 0 0 0 
0 0 0 0 0 0 0 0 0 0 0 0 0 0 0 0 
0 0 0 0 0 0 0 0 0 0 0 0 0 0 0 0 
0 0 0 0 0 0 0 0 0 0 0 0 0 0 0 0 
0 0 0 0 0 0 0 0 0 0 0 0 0 0 0 0 
0 0 0 0 0 0 0 0 0 0 0 0 0 0 0 0 
0 0 0 0 0 0 0 0 0 0 0 0 0 0 0 0 
0 0 0 0 0 0 0 0 0 0 0 0 0 0 0 0 
0 0 0 0 0 0 0 0 0 0 0 0 0 0 0 0 
0 0 0 0 0 0 0 0 0 0 0 0 0 0 0 0 
0 0 0 0 0 0 0 0 0 0 0 0 0 0 0 0 
0 0 0 0 0 0 0 0 0 0 0 0 0 0 0 0 
0 0 0 0 0 0 0 0 0 0 0 0 0 0 0 0 
0 0 0 0 0 0 0 0 0 0 0 0 0 0 0 0 

0 0 0 0 0 0 0 0 0 0 0 0 0 0 0 0 
0 0 0 0 0 0 0 0 0 0 0 0 0 0 0 0 
0 0 0 0 0 0 0 0 0 0 0 0 0 0 0 0 
0 0 0 0 0 0 0 0 0 0 0 0 0 0 0 0 
0 0 0 0 0 0 0 0 0 0 0 0 0 0 0 0 
0 0 0 0 0 0 0 0 0 0 0 0 0 0 0 0 
0 0 0 0 0 0 0 0 0 0 0 0 0 0 0 0 
0 0 0 0 0 0 0 0 0 0 0 0 0 0 0 0 
0 0 0 0 0 0 0 0 0 0 0 0 0 0 0 0 
0 0 0 0 0 0 0 0 0 0 0 0 0 0 0 0 
0 0 0 0 0 0 0 0 0 0 0 0 0 0 0 0 
0 0 0 0 0 0 0 0 0 0 0 0 0 0 0 0 
0 0 0 0 0 0 0 0 0 0 0 0 0 0 0 0 
0 0 0 0 0 0 0 0 0 0 0 0 0 0 0 0 
0 0 0 0 0 0 0 0 0 0 0 0 0 0 0 0 
0 0 0 0 0 0 0 0 0 0 0 0 0 0 0 0 

0 0 0 0 0 0 0 0 0 0 0 0 0 0 0 0 
0 0 0 0 0 0 0 0 0 0 0 0 0 0 0 0 
0 0 0 0 0 0 0 0 0 0 0 0 0 0 0 0 
0 0 0 0 0 0 0 0 0 0 0 0 0 0 0 0 
0 0 0 0 0 0 0 0 0 0 0 0 0 0 0 0 
0 0 0 0 0 0 0 0 0 0 0 0 0 0 0 0 
0 0 0 0 0 0 0 0 0 0 0 0 0 0 0 0 
0 0 0 0 0 0 0 0 0 0 0 0 0 0 0 0 
0 0 0 0 0 0 0 0 0 0 0 0 0 0 0 0 
0 0 0 0 0 0 0 0 0 0 0 0 0 0 0 0 
0 0 0 0 0 0 0 0 0 0 0 0 0 0 0 0 
0 0 0 0 0 0 0 0 0 0 0 0 0 0 0 0 
0 0 0 0 0 0 0 0 0 0 0 0 0 0 0 0 
0 0 0 0 0 0 0 0 0 0 0 0 0 0 0 0 
0 0 0 0 0 0 0 0 0 0 0 0 0 0 0 0 
0 0 0 0 0 0 0 0 0 0 0 0 0 0 0 0 

0 0 0 0 0 0 0 0 0 0 0 0 0 0 0 0 
0 0 0 0 0 0 0 0 0 0 0 0 0 0 0 0 
0 0 0 0 0 0 0 0 0 0 0 0 0 0 0 0 
0 0 0 0 0 0 0 0 0 0 0 0 0 0 0 0 
0 0 0 0 0 0 0 0 0 0 0 0 0 0 0 0 
0 0 0 0 0 0 0 0 0 0 0 0 0 0 0 0 
0 0 0 0 0 0 0 0 0 0 0 0 0 0 0 0 
0 0 0 0 0 0 0 0 0 0 0 0 0 0 0 0 
0 0 0 0 0 0 0 0 0 0 0 0 0 0 0 0 
0 0 0 0 0 0 0 0 0 0 0 0 0 0 0 0 
0 0 0 0 0 0 0 0 0 0 0 0 0 0 0 0 
0 0 0 0 0 0 0 0 0 0 0 0 0 0 0 0 
0 0 0 0 0 0 0 0 0 0 0 0 0 0 0 0 
0 0 0 0 0 0 0 0 0 0 0 0 0 0 0 0 
0 0 0 0 0 0 0 0 0 0 0 0 0 0 0 0 
0 0 0 0 0 0 0 0 0 0 0 0 0 0 0 0 

0 0 0 0 0 0 0 0 0 0 0 0 0 0 0 0 
0 0 0 0 0 0 0 0 0 0 0 0 0 0 0 0 
0 0 0 0 0 0 0 0 0 0 0 0 0 0 0 0 
0 0 0 0 0 0 0 0 0 0 0 0 0 0 0 0 
0 0 0 0 0 0 0 0 0 0 0 0 0 0 0 0 
0 0 0 0 0 0 0 0 0 0 0 0 0 0 0 0 
0 0 0 0 0 0 0 0 0 0 0 0 0 0 0 0 
0 0 0 0 0 0 0 0 0 0 0 0 0 0 0 0 
0 0 0 0 0 0 0 0 0 0 0 0 0 0 0 0 
0 0 0 0 0 0 0 0 0 0 0 0 0 0 0 0 
0 0 0 0 0 0 0 0 0 0 0 0 0 0 0 0 
0 0 0 0 0 0 0 0 0 0 0 0 0 0 0 0 
0 0 0 0 0 0 0 0 0 0 0 0 0 0 0 0 
0 0 0 0 0 0 0 0 0 0 0 0 0 0 0 0 
0 0 0 0 0 0 0 0 0 0 0 0 0 0 0 0 
0 0 0 0 0 0 0 0 0 0 0 0 0 0 0 0 

